inst25_7.txt
 Starting resolution without ER inequalities
Warning: Control callbacks may disable some MIP features.
Sol n°1 obj: 	0
Sol n°1 time: 	0.243698
Sol n°1 gap: 	1e+75
Final status: 	Optimal en 0.274591
Final objective: 0
Final gap: 	0
...
sol vaut : 
st[0]=11
ft[0]=13
b[0] =(0,0,0,0,0,0,0,0,0,0,0,2,3,0,0,0,0,0,0,0,0,0,0,0,0,0,0,0,0,0,0,0,0,0,0,0,0,0,0,0,0,0,0,0,0,0,0,0,)
st[1]=1
ft[1]=6
b[1] =(0,7,3.28571,3.66667,2,4.04762,0,0,0,0,0,0,0,0,0,0,0,0,0,0,0,0,0,0,0,0,0,0,0,0,0,0,0,0,0,0,0,0,0,0,0,0,0,0,0,0,0,0,)
st[2]=16
ft[2]=17
b[2] =(0,0,0,0,0,0,0,0,0,0,0,0,0,0,0,0,4,0,0,0,0,0,0,0,0,0,0,0,0,0,0,0,0,0,0,0,0,0,0,0,0,0,0,0,0,0,0,0,)
st[3]=0
ft[3]=2
b[3] =(1,1,0,0,0,0,0,0,0,0,0,0,0,0,0,0,0,0,0,0,0,0,0,0,0,0,0,0,0,0,0,0,0,0,0,0,0,0,0,0,0,0,0,0,0,0,0,0,)
st[4]=10
ft[4]=12
b[4] =(0,0,0,0,0,0,0,0,0,0,1,1,0,0,0,0,0,0,0,0,0,0,0,0,0,0,0,0,0,0,0,0,0,0,0,0,0,0,0,0,0,0,0,0,0,0,0,0,)
st[5]=45
ft[5]=47
b[5] =(0,0,0,0,0,0,0,0,0,0,0,0,0,0,0,0,0,0,0,0,0,0,0,0,0,0,0,0,0,0,0,0,0,0,0,0,0,0,0,0,0,0,0,0,0,4.875,10,0,)
st[6]=24
ft[6]=28
b[6] =(0,0,0,0,0,0,0,0,0,0,0,0,0,0,0,0,0,0,0,0,0,0,0,0,3,6,9,4.5,0,0,0,0,0,0,0,0,0,0,0,0,0,0,0,0,0,0,0,0,)
st[7]=32
ft[7]=33
b[7] =(0,0,0,0,0,0,0,0,0,0,0,0,0,0,0,0,0,0,0,0,0,0,0,0,0,0,0,0,0,0,0,0,4,0,0,0,0,0,0,0,0,0,0,0,0,0,0,0,)
st[8]=25
ft[8]=26
b[8] =(0,0,0,0,0,0,0,0,0,0,0,0,0,0,0,0,0,0,0,0,0,0,0,0,0,4,0,0,0,0,0,0,0,0,0,0,0,0,0,0,0,0,0,0,0,0,0,0,)
st[9]=18
ft[9]=20
b[9] =(0,0,0,0,0,0,0,0,0,0,0,0,0,0,0,0,0,0,3,8,0,0,0,0,0,0,0,0,0,0,0,0,0,0,0,0,0,0,0,0,0,0,0,0,0,0,0,0,)
st[10]=20
ft[10]=24
b[10] =(0,0,0,0,0,0,0,0,0,0,0,0,0,0,0,0,0,0,0,0,2,2,2,2,0,0,0,0,0,0,0,0,0,0,0,0,0,0,0,0,0,0,0,0,0,0,0,0,)
st[11]=1
ft[11]=3
b[11] =(0,2,6.71429,0,0,0,0,0,0,0,0,0,0,0,0,0,0,0,0,0,0,0,0,0,0,0,0,0,0,0,0,0,0,0,0,0,0,0,0,0,0,0,0,0,0,0,0,0,)
st[12]=12
ft[12]=15
b[12] =(0,0,0,0,0,0,0,0,0,0,0,0,5,4.5,9,0,0,0,0,0,0,0,0,0,0,0,0,0,0,0,0,0,0,0,0,0,0,0,0,0,0,0,0,0,0,0,0,0,)
st[13]=5
ft[13]=8
b[13] =(0,0,0,0,0,5.95238,9,6.44762,0,0,0,0,0,0,0,0,0,0,0,0,0,0,0,0,0,0,0,0,0,0,0,0,0,0,0,0,0,0,0,0,0,0,0,0,0,0,0,0,)
st[14]=33
ft[14]=36
b[14] =(0,0,0,0,0,0,0,0,0,0,0,0,0,0,0,0,0,0,0,0,0,0,0,0,0,0,0,0,0,0,0,0,0,1,9,6.42857,0,0,0,0,0,0,0,0,0,0,0,0,)
st[15]=10
ft[15]=13
b[15] =(0,0,0,0,0,0,0,0,0,0,4.4,2,2,0,0,0,0,0,0,0,0,0,0,0,0,0,0,0,0,0,0,0,0,0,0,0,0,0,0,0,0,0,0,0,0,0,0,0,)
st[16]=27
ft[16]=30
b[16] =(0,0,0,0,0,0,0,0,0,0,0,0,0,0,0,0,0,0,0,0,0,0,0,0,0,0,0,5.5,8.5,9,0,0,0,0,0,0,0,0,0,0,0,0,0,0,0,0,0,0,)
st[17]=3
ft[17]=5
b[17] =(0,0,0,6.33333,8,0,0,0,0,0,0,0,0,0,0,0,0,0,0,0,0,0,0,0,0,0,0,0,0,0,0,0,0,0,0,0,0,0,0,0,0,0,0,0,0,0,0,0,)
st[18]=22
ft[18]=24
b[18] =(0,0,0,0,0,0,0,0,0,0,0,0,0,0,0,0,0,0,0,0,0,0,4.5,8,0,0,0,0,0,0,0,0,0,0,0,0,0,0,0,0,0,0,0,0,0,0,0,0,)
st[19]=44
ft[19]=46
b[19] =(0,0,0,0,0,0,0,0,0,0,0,0,0,0,0,0,0,0,0,0,0,0,0,0,0,0,0,0,0,0,0,0,0,0,0,0,0,0,0,0,0,0,0,0,9,4.83333,0,0,)
st[20]=21
ft[20]=23
b[20] =(0,0,0,0,0,0,0,0,0,0,0,0,0,0,0,0,0,0,0,0,0,8,3.5,0,0,0,0,0,0,0,0,0,0,0,0,0,0,0,0,0,0,0,0,0,0,0,0,0,)
st[21]=17
ft[21]=21
b[21] =(0,0,0,0,0,0,0,0,0,0,0,0,0,0,0,0,0,10,2.6,2,2,0,0,0,0,0,0,0,0,0,0,0,0,0,0,0,0,0,0,0,0,0,0,0,0,0,0,0,)
st[22]=8
ft[22]=10
b[22] =(0,0,0,0,0,0,0,0,8,9,0,0,0,0,0,0,0,0,0,0,0,0,0,0,0,0,0,0,0,0,0,0,0,0,0,0,0,0,0,0,0,0,0,0,0,0,0,0,)
st[23]=7
ft[23]=8
b[23] =(0,0,0,0,0,0,0,3.55238,0,0,0,0,0,0,0,0,0,0,0,0,0,0,0,0,0,0,0,0,0,0,0,0,0,0,0,0,0,0,0,0,0,0,0,0,0,0,0,0,)
st[24]=30
ft[24]=32
b[24] =(0,0,0,0,0,0,0,0,0,0,0,0,0,0,0,0,0,0,0,0,0,0,0,0,0,0,0,0,0,0,10,10,0,0,0,0,0,0,0,0,0,0,0,0,0,0,0,0,)
event= 0, 1, 2, 3, 4, 5, 6, 7, 8, 9, 10, 11, 12, 13, 14, 15, 16, 17, 18, 19, 20, 21, 22, 23, 24, 25, 26, 27, 28, 29, 30, 31, 32, 33, 34, 35, 36, 37, 38, 39, 40, 41, 42, 43, 44, 45, 46, 47, 48, 
valide? 1
**************************************************
inst25_9.txt
 Starting resolution without ER inequalities
Warning: Control callbacks may disable some MIP features.
Sol n°1 obj: 	0
Sol n°1 time: 	6.13503
Sol n°1 gap: 	1e+75
Final status: 	Optimal en 6.26095
Final objective: 0
Final gap: 	0
...
sol vaut : 
st[0]=3
ft[0]=7
b[0] =(0,0,0,5,5,5,5,0,0,0,0,0,0,0,0,0,0,0,0,0,0,0,0,0,0,0,0,0,0,0,0,0,0,0,0,0,0,0,0,0,0,0,0,0,0,0,)
st[1]=23
ft[1]=26
b[1] =(0,0,0,0,0,0,0,0,0,0,0,0,0,0,0,0,0,0,0,0,0,0,0,7,7,7,0,0,0,0,0,0,0,0,0,0,0,0,0,0,0,0,0,0,0,0,)
st[2]=20
ft[2]=23
b[2] =(0,0,0,0,0,0,0,0,0,0,0,0,0,0,0,0,0,0,0,0,8.2,6,6,0,0,0,0,0,0,0,0,0,0,0,0,0,0,0,0,0,0,0,0,0,0,0,)
st[3]=12
ft[3]=17
b[3] =(0,0,0,0,0,0,0,0,0,0,0,0,1,1,1.6,1,1,0,0,0,0,0,0,0,0,0,0,0,0,0,0,0,0,0,0,0,0,0,0,0,0,0,0,0,0,0,)
st[4]=5
ft[4]=16
b[4] =(0,0,0,0,0,1,1,1,1.55556,1,1,1,1,1,1,9,0,0,0,0,0,0,0,0,0,0,0,0,0,0,0,0,0,0,0,0,0,0,0,0,0,0,0,0,0,0,)
st[5]=34
ft[5]=36
b[5] =(0,0,0,0,0,0,0,0,0,0,0,0,0,0,0,0,0,0,0,0,0,0,0,0,0,0,0,0,0,0,0,0,0,0,4.875,8,0,0,0,0,0,0,0,0,0,0,)
st[6]=21
ft[6]=27
b[6] =(0,0,0,0,0,0,0,0,0,0,0,0,0,0,0,0,0,0,0,0,0,3,3,3,3,3,4.5,0,0,0,0,0,0,0,0,0,0,0,0,0,0,0,0,0,0,0,)
st[7]=28
ft[7]=30
b[7] =(0,0,0,0,0,0,0,0,0,0,0,0,0,0,0,0,0,0,0,0,0,0,0,0,0,0,0,0,4.875,6,0,0,0,0,0,0,0,0,0,0,0,0,0,0,0,0,)
st[8]=17
ft[8]=20
b[8] =(0,0,0,0,0,0,0,0,0,0,0,0,0,0,0,0,0,7.2,8.8,7,0,0,0,0,0,0,0,0,0,0,0,0,0,0,0,0,0,0,0,0,0,0,0,0,0,0,)
st[9]=1
ft[9]=3
b[9] =(0,2,5,0,0,0,0,0,0,0,0,0,0,0,0,0,0,0,0,0,0,0,0,0,0,0,0,0,0,0,0,0,0,0,0,0,0,0,0,0,0,0,0,0,0,0,)
st[10]=36
ft[10]=45
b[10] =(0,0,0,0,0,0,0,0,0,0,0,0,0,0,0,0,0,0,0,0,0,0,0,0,0,0,0,0,0,0,0,0,0,0,0,0,8,1,1,1,1,10,1,10,10,0,)
st[11]=3
ft[11]=8
b[11] =(0,0,0,5,5,4,4,8,0,0,0,0,0,0,0,0,0,0,0,0,0,0,0,0,0,0,0,0,0,0,0,0,0,0,0,0,0,0,0,0,0,0,0,0,0,0,)
st[12]=16
ft[12]=18
b[12] =(0,0,0,0,0,0,0,0,0,0,0,0,0,0,0,0,9,2.25,0,0,0,0,0,0,0,0,0,0,0,0,0,0,0,0,0,0,0,0,0,0,0,0,0,0,0,0,)
st[13]=10
ft[13]=14
b[13] =(0,0,0,0,0,0,0,0,0,0,2.5,2,2,2,0,0,0,0,0,0,0,0,0,0,0,0,0,0,0,0,0,0,0,0,0,0,0,0,0,0,0,0,0,0,0,0,)
st[14]=29
ft[14]=34
b[14] =(0,0,0,0,0,0,0,0,0,0,0,0,0,0,0,0,0,0,0,0,0,0,0,0,0,0,0,0,0,1,1,1,1,7,0,0,0,0,0,0,0,0,0,0,0,0,)
st[15]=26
ft[15]=28
b[15] =(0,0,0,0,0,0,0,0,0,0,0,0,0,0,0,0,0,0,0,0,0,0,0,0,0,0,1,9,0,0,0,0,0,0,0,0,0,0,0,0,0,0,0,0,0,0,)
st[16]=18
ft[16]=23
b[16] =(0,0,0,0,0,0,0,0,0,0,0,0,0,0,0,0,0,0,1.2,3,1.8,1,1,0,0,0,0,0,0,0,0,0,0,0,0,0,0,0,0,0,0,0,0,0,0,0,)
st[17]=28
ft[17]=37
b[17] =(0,0,0,0,0,0,0,0,0,0,0,0,0,0,0,0,0,0,0,0,0,0,0,0,0,0,0,0,4.125,2,8,2,8,2,4.125,2,2,0,0,0,0,0,0,0,0,0,)
st[18]=10
ft[18]=12
b[18] =(0,0,0,0,0,0,0,0,0,0,1.5,2,0,0,0,0,0,0,0,0,0,0,0,0,0,0,0,0,0,0,0,0,0,0,0,0,0,0,0,0,0,0,0,0,0,0,)
st[19]=8
ft[19]=12
b[19] =(0,0,0,0,0,0,0,0,5.5,5,5,5,0,0,0,0,0,0,0,0,0,0,0,0,0,0,0,0,0,0,0,0,0,0,0,0,0,0,0,0,0,0,0,0,0,0,)
st[20]=0
ft[20]=2
b[20] =(1,5,0,0,0,0,0,0,0,0,0,0,0,0,0,0,0,0,0,0,0,0,0,0,0,0,0,0,0,0,0,0,0,0,0,0,0,0,0,0,0,0,0,0,0,0,)
st[21]=12
ft[21]=15
b[21] =(0,0,0,0,0,0,0,0,0,0,0,0,6,6,7.4,0,0,0,0,0,0,0,0,0,0,0,0,0,0,0,0,0,0,0,0,0,0,0,0,0,0,0,0,0,0,0,)
st[22]=27
ft[22]=35
b[22] =(0,0,0,0,0,0,0,0,0,0,0,0,0,0,0,0,0,0,0,0,0,0,0,0,0,0,0,1,1,1,1,7,1,1,1,0,0,0,0,0,0,0,0,0,0,0,)
st[23]=7
ft[23]=10
b[23] =(0,0,0,0,0,0,0,1,1,4,0,0,0,0,0,0,0,0,0,0,0,0,0,0,0,0,0,0,0,0,0,0,0,0,0,0,0,0,0,0,0,0,0,0,0,0,)
st[24]=0
ft[24]=3
b[24] =(9,3,3,0,0,0,0,0,0,0,0,0,0,0,0,0,0,0,0,0,0,0,0,0,0,0,0,0,0,0,0,0,0,0,0,0,0,0,0,0,0,0,0,0,0,0,)
event= 0, 1, 2, 3, 4, 5, 6, 7, 8, 9, 10, 11, 12, 13, 14, 15, 16, 17, 18, 19, 20, 21, 22, 23, 24, 25, 26, 27, 28, 29, 30, 31, 32, 33, 34, 35, 36, 37, 38, 39, 40, 41, 42, 43, 44, 45, 46, 
valide? 1
**************************************************
inst30_2.txt
 Starting resolution without ER inequalities
Warning: Control callbacks may disable some MIP features.
Sol n°1 obj: 	0
Sol n°1 time: 	7.42371
Sol n°1 gap: 	1e+75
Final status: 	Optimal en 7.47902
Final objective: 0
Final gap: 	0
...
sol vaut : 
st[0]=15
ft[0]=16
b[0] =(0,0,0,0,0,0,0,0,0,0,0,0,0,0,0,2,0,0,0,0,0,0,0,0,0,0,0,0,0,0,0,0,0,0,0,0,0,0,0,0,0,0,0,0,0,0,0,0,0,0,0,0,0,)
st[1]=1
ft[1]=2
b[1] =(0,7,0,0,0,0,0,0,0,0,0,0,0,0,0,0,0,0,0,0,0,0,0,0,0,0,0,0,0,0,0,0,0,0,0,0,0,0,0,0,0,0,0,0,0,0,0,0,0,0,0,0,0,)
st[2]=46
ft[2]=52
b[2] =(0,0,0,0,0,0,0,0,0,0,0,0,0,0,0,0,0,0,0,0,0,0,0,0,0,0,0,0,0,0,0,0,0,0,0,0,0,0,0,0,0,0,0,0,0,0,1,1,1,1,10,10,0,)
st[3]=25
ft[3]=28
b[3] =(0,0,0,0,0,0,0,0,0,0,0,0,0,0,0,0,0,0,0,0,0,0,0,0,0,5.92857,6,10,0,0,0,0,0,0,0,0,0,0,0,0,0,0,0,0,0,0,0,0,0,0,0,0,0,)
st[4]=4
ft[4]=8
b[4] =(0,0,0,0,10,9,1.66667,3,0,0,0,0,0,0,0,0,0,0,0,0,0,0,0,0,0,0,0,0,0,0,0,0,0,0,0,0,0,0,0,0,0,0,0,0,0,0,0,0,0,0,0,0,0,)
st[5]=22
ft[5]=27
b[5] =(0,0,0,0,0,0,0,0,0,0,0,0,0,0,0,0,0,0,0,0,0,0,4,4,4.42857,4.07143,4,0,0,0,0,0,0,0,0,0,0,0,0,0,0,0,0,0,0,0,0,0,0,0,0,0,0,)
st[6]=15
ft[6]=19
b[6] =(0,0,0,0,0,0,0,0,0,0,0,0,0,0,0,3,3,3,3,0,0,0,0,0,0,0,0,0,0,0,0,0,0,0,0,0,0,0,0,0,0,0,0,0,0,0,0,0,0,0,0,0,0,)
st[7]=30
ft[7]=31
b[7] =(0,0,0,0,0,0,0,0,0,0,0,0,0,0,0,0,0,0,0,0,0,0,0,0,0,0,0,0,0,0,2,0,0,0,0,0,0,0,0,0,0,0,0,0,0,0,0,0,0,0,0,0,0,)
st[8]=13
ft[8]=15
b[8] =(0,0,0,0,0,0,0,0,0,0,0,0,0,5.5,8,0,0,0,0,0,0,0,0,0,0,0,0,0,0,0,0,0,0,0,0,0,0,0,0,0,0,0,0,0,0,0,0,0,0,0,0,0,0,)
st[9]=8
ft[9]=11
b[9] =(0,0,0,0,0,0,0,0,3,3,3,0,0,0,0,0,0,0,0,0,0,0,0,0,0,0,0,0,0,0,0,0,0,0,0,0,0,0,0,0,0,0,0,0,0,0,0,0,0,0,0,0,0,)
st[10]=7
ft[10]=10
b[10] =(0,0,0,0,0,0,0,5,5,5,0,0,0,0,0,0,0,0,0,0,0,0,0,0,0,0,0,0,0,0,0,0,0,0,0,0,0,0,0,0,0,0,0,0,0,0,0,0,0,0,0,0,0,)
st[11]=5
ft[11]=12
b[11] =(0,0,0,0,0,1,5.98571,1,2,1,3.2,4.1,0,0,0,0,0,0,0,0,0,0,0,0,0,0,0,0,0,0,0,0,0,0,0,0,0,0,0,0,0,0,0,0,0,0,0,0,0,0,0,0,0,)
st[12]=20
ft[12]=23
b[12] =(0,0,0,0,0,0,0,0,0,0,0,0,0,0,0,0,0,0,0,0,3.5,3,3,0,0,0,0,0,0,0,0,0,0,0,0,0,0,0,0,0,0,0,0,0,0,0,0,0,0,0,0,0,0,)
st[13]=3
ft[13]=4
b[13] =(0,0,0,10,0,0,0,0,0,0,0,0,0,0,0,0,0,0,0,0,0,0,0,0,0,0,0,0,0,0,0,0,0,0,0,0,0,0,0,0,0,0,0,0,0,0,0,0,0,0,0,0,0,)
st[14]=28
ft[14]=29
b[14] =(0,0,0,0,0,0,0,0,0,0,0,0,0,0,0,0,0,0,0,0,0,0,0,0,0,0,0,0,10,0,0,0,0,0,0,0,0,0,0,0,0,0,0,0,0,0,0,0,0,0,0,0,0,)
st[15]=15
ft[15]=18
b[15] =(0,0,0,0,0,0,0,0,0,0,0,0,0,0,0,3.8,4,3,0,0,0,0,0,0,0,0,0,0,0,0,0,0,0,0,0,0,0,0,0,0,0,0,0,0,0,0,0,0,0,0,0,0,0,)
st[16]=11
ft[16]=14
b[16] =(0,0,0,0,0,0,0,0,0,0,0,4.9,3.6,2.5,0,0,0,0,0,0,0,0,0,0,0,0,0,0,0,0,0,0,0,0,0,0,0,0,0,0,0,0,0,0,0,0,0,0,0,0,0,0,0,)
st[17]=23
ft[17]=25
b[17] =(0,0,0,0,0,0,0,0,0,0,0,0,0,0,0,0,0,0,0,0,0,0,0,1,1,0,0,0,0,0,0,0,0,0,0,0,0,0,0,0,0,0,0,0,0,0,0,0,0,0,0,0,0,)
st[18]=22
ft[18]=25
b[18] =(0,0,0,0,0,0,0,0,0,0,0,0,0,0,0,0,0,0,0,0,0,0,3,3,3,0,0,0,0,0,0,0,0,0,0,0,0,0,0,0,0,0,0,0,0,0,0,0,0,0,0,0,0,)
st[19]=19
ft[19]=22
b[19] =(0,0,0,0,0,0,0,0,0,0,0,0,0,0,0,0,0,0,0,9,6.5,7,0,0,0,0,0,0,0,0,0,0,0,0,0,0,0,0,0,0,0,0,0,0,0,0,0,0,0,0,0,0,0,)
st[20]=16
ft[20]=20
b[20] =(0,0,0,0,0,0,0,0,0,0,0,0,0,0,0,0,3,4,7,1,0,0,0,0,0,0,0,0,0,0,0,0,0,0,0,0,0,0,0,0,0,0,0,0,0,0,0,0,0,0,0,0,0,)
st[21]=12
ft[21]=15
b[21] =(0,0,0,0,0,0,0,0,0,0,0,0,5.4,1,1,0,0,0,0,0,0,0,0,0,0,0,0,0,0,0,0,0,0,0,0,0,0,0,0,0,0,0,0,0,0,0,0,0,0,0,0,0,0,)
st[22]=6
ft[22]=8
b[22] =(-0,0,0,0,0,0,2.34762,1,0,0,0,0,0,0,0,0,0,0,0,0,0,0,0,0,0,0,0,0,0,0,0,0,0,0,0,0,0,0,0,0,0,0,0,0,0,0,0,0,0,0,0,0,0,)
st[23]=29
ft[23]=33
b[23] =(0,0,0,0,0,0,0,0,0,0,0,0,0,0,0,0,0,0,0,0,0,0,0,0,0,0,0,0,0,10,8,6.875,6,0,0,0,0,0,0,0,0,0,0,0,0,0,0,0,0,0,0,0,0,)
st[24]=23
ft[24]=25
b[24] =(0,0,0,0,0,0,0,0,0,0,0,0,0,0,0,0,0,0,0,0,0,0,0,2,1.57143,0,0,0,0,0,0,0,0,0,0,0,0,0,0,0,0,0,0,0,0,0,0,0,0,0,0,0,0,)
st[25]=31
ft[25]=33
b[25] =(0,0,0,0,0,0,0,0,0,0,0,0,0,0,0,0,0,0,0,0,0,0,0,0,0,0,0,0,0,0,0,3.125,3,0,0,0,0,0,0,0,0,0,0,0,0,0,0,0,0,0,0,0,0,)
st[26]=9
ft[26]=16
b[26] =(0,0,0,0,0,0,0,0,0,1,2.8,1,1,1,1,1.2,0,0,0,0,0,0,0,0,0,0,0,0,0,0,0,0,0,0,0,0,0,0,0,0,0,0,0,0,0,0,0,0,0,0,0,0,0,)
st[27]=33
ft[27]=36
b[27] =(0,0,0,0,0,0,0,0,0,0,0,0,0,0,0,0,0,0,0,0,0,0,0,0,0,0,0,0,0,0,0,0,0,9,7,9,0,0,0,0,0,0,0,0,0,0,0,0,0,0,0,0,0,)
st[28]=32
ft[28]=38
b[28] =(0,0,0,0,0,0,0,0,0,0,0,0,0,0,0,0,0,0,0,0,0,0,0,0,0,0,0,0,0,0,0,0,1,1,3,1,1,10,0,0,0,0,0,0,0,0,0,0,0,0,0,0,0,)
st[29]=10
ft[29]=11
b[29] =(0,0,0,0,0,0,0,0,0,0,1,0,0,0,0,0,0,0,0,0,0,0,0,0,0,0,0,0,0,0,0,0,0,0,0,0,0,0,0,0,0,0,0,0,0,0,0,0,0,0,0,0,0,)
event= 0, 1, 2, 3, 4, 5, 6, 7, 8, 9, 10, 11, 12, 13, 14, 15, 16, 17, 18, 19, 20, 21, 22, 23, 24, 25, 26, 27, 28, 29, 30, 31, 32, 33, 34, 35, 36, 37, 38, 39, 40, 41, 42, 43, 44, 45, 46, 47, 48, 49, 50, 51, 52, 53, 
valide? 1
**************************************************
inst30_4.txt
 Starting resolution without ER inequalities
Warning: Control callbacks may disable some MIP features.
Sol n°1 obj: 	0
Sol n°1 time: 	0.94647
Sol n°1 gap: 	1e+75
Final status: 	Optimal en 0.947765
Final objective: 0
Final gap: 	0
...
sol vaut : 
st[0]=0
ft[0]=1
b[0] =(5,0,0,0,0,0,0,0,0,0,0,0,0,0,0,0,0,0,0,0,0,0,0,0,0,0,0,0,0,0,0,0,0,0,0,0,0,0,0,0,0,0,0,0,0,0,)
st[1]=18
ft[1]=19
b[1] =(0,0,0,0,0,0,0,0,0,0,0,0,0,0,0,0,0,0,1,0,0,0,0,0,0,0,0,0,0,0,0,0,0,0,0,0,0,0,0,0,0,0,0,0,0,0,)
st[2]=20
ft[2]=22
b[2] =(0,0,0,0,0,0,0,0,0,0,0,0,0,0,0,0,0,0,0,0,2,5,0,0,0,0,0,0,0,0,0,0,0,0,0,0,0,0,0,0,0,0,0,0,0,0,)
st[3]=2
ft[3]=5
b[3] =(0,0,1,1,1,0,0,0,0,0,0,0,0,0,0,0,0,0,0,0,0,0,0,0,0,0,0,0,0,0,0,0,0,0,0,0,0,0,0,0,0,0,0,0,0,0,)
st[4]=11
ft[4]=13
b[4] =(0,0,0,0,0,0,0,0,0,0,0,2,4.55556,0,0,0,0,0,0,0,0,0,0,0,0,0,0,0,0,0,0,0,0,0,0,0,0,0,0,0,0,0,0,0,0,0,)
st[5]=29
ft[5]=34
b[5] =(0,0,0,0,0,0,0,0,0,0,0,0,0,0,0,0,0,0,0,0,0,0,0,0,0,0,0,0,0,7,7.75,8.55,6,9,0,0,0,0,0,0,0,0,0,0,0,0,)
st[6]=14
ft[6]=15
b[6] =(0,0,0,0,0,0,0,0,0,0,0,0,0,0,6,0,0,0,0,0,0,0,0,0,0,0,0,0,0,0,0,0,0,0,0,0,0,0,0,0,0,0,0,0,0,0,)
st[7]=12
ft[7]=14
b[7] =(0,0,0,0,0,0,0,0,0,0,0,0,1,3,0,0,0,0,0,0,0,0,0,0,0,0,0,0,0,0,0,0,0,0,0,0,0,0,0,0,0,0,0,0,0,0,)
st[8]=13
ft[8]=16
b[8] =(0,0,0,0,0,0,0,0,0,0,0,0,0,7,4,10,0,0,0,0,0,0,0,0,0,0,0,0,0,0,0,0,0,0,0,0,0,0,0,0,0,0,0,0,0,0,)
st[9]=37
ft[9]=40
b[9] =(0,0,0,0,0,0,0,0,0,0,0,0,0,0,0,0,0,0,0,0,0,0,0,0,0,0,0,0,0,0,0,0,0,0,0,0,0,10,3,10,0,0,0,0,0,0,)
st[10]=11
ft[10]=13
b[10] =(0,0,0,0,0,0,0,0,0,0,0,5.5,4,0,0,0,0,0,0,0,0,0,0,0,0,0,0,0,0,0,0,0,0,0,0,0,0,0,0,0,0,0,0,0,0,0,)
st[11]=23
ft[11]=26
b[11] =(0,0,0,0,0,0,0,0,0,0,0,0,0,0,0,0,0,0,0,0,0,0,0,5.1,2.32857,6,0,0,0,0,0,0,0,0,0,0,0,0,0,0,0,0,0,0,0,0,)
st[12]=43
ft[12]=45
b[12] =(0,0,0,0,0,0,0,0,0,0,0,0,0,0,0,0,0,0,0,0,0,0,0,0,0,0,0,0,0,0,0,0,0,0,0,0,0,0,0,0,0,0,0,10,10,0,)
st[13]=34
ft[13]=36
b[13] =(0,0,0,0,0,0,0,0,0,0,0,0,0,0,0,0,0,0,0,0,0,0,0,0,0,0,0,0,0,0,0,0,0,0,6.7,9,0,0,0,0,0,0,0,0,0,0,)
st[14]=1
ft[14]=8
b[14] =(0,9,2.14286,1,1,1,1,1,0,0,0,0,0,0,0,0,0,0,0,0,0,0,0,0,0,0,0,0,0,0,0,0,0,0,0,0,0,0,0,0,0,0,0,0,0,0,)
st[15]=27
ft[15]=28
b[15] =(0,0,0,0,0,0,0,0,0,0,0,0,0,0,0,0,0,0,0,0,0,0,0,0,0,0,0,10,0,0,0,0,0,0,0,0,0,0,0,0,0,0,0,0,0,0,)
st[16]=7
ft[16]=11
b[16] =(0,0,0,0,0,0,0,3,10,3,6,0,0,0,0,0,0,0,0,0,0,0,0,0,0,0,0,0,0,0,0,0,0,0,0,0,0,0,0,0,0,0,0,0,0,0,)
st[17]=4
ft[17]=8
b[17] =(0,0,0,0,5,6,6,6,0,0,0,0,0,0,0,0,0,0,0,0,0,0,0,0,0,0,0,0,0,0,0,0,0,0,0,0,0,0,0,0,0,0,0,0,0,0,)
st[18]=20
ft[18]=21
b[18] =(0,0,0,0,0,0,0,0,0,0,0,0,0,0,0,0,0,0,0,0,2,0,0,0,0,0,0,0,0,0,0,0,0,0,0,0,0,0,0,0,0,0,0,0,0,0,)
st[19]=16
ft[19]=18
b[19] =(0,0,0,0,0,0,0,0,0,0,0,0,0,0,0,0,9,8.83333,0,0,0,0,0,0,0,0,0,0,0,0,0,0,0,0,0,0,0,0,0,0,0,0,0,0,0,0,)
st[20]=19
ft[20]=22
b[20] =(0,0,0,0,0,0,0,0,0,0,0,0,0,0,0,0,0,0,0,5,6,5,0,0,0,0,0,0,0,0,0,0,0,0,0,0,0,0,0,0,0,0,0,0,0,0,)
st[21]=28
ft[21]=30
b[21] =(0,0,0,0,0,0,0,0,0,0,0,0,0,0,0,0,0,0,0,0,0,0,0,0,0,0,0,0,10,3,0,0,0,0,0,0,0,0,0,0,0,0,0,0,0,0,)
st[22]=19
ft[22]=20
b[22] =(0,0,0,0,0,0,0,0,0,0,0,0,0,0,0,0,0,0,0,5,0,0,0,0,0,0,0,0,0,0,0,0,0,0,0,0,0,0,0,0,0,0,0,0,0,0,)
st[23]=9
ft[23]=11
b[23] =(0,0,0,0,0,0,0,0,0,7,3,0,0,0,0,0,0,0,0,0,0,0,0,0,0,0,0,0,0,0,0,0,0,0,0,0,0,0,0,0,0,0,0,0,0,0,)
st[24]=3
ft[24]=7
b[24] =(0,0,0,4.71429,3,3,3,0,0,0,0,0,0,0,0,0,0,0,0,0,0,0,0,0,0,0,0,0,0,0,0,0,0,0,0,0,0,0,0,0,0,0,0,0,0,0,)
st[25]=0
ft[25]=4
b[25] =(3.125,1,1,1,0,0,0,0,0,0,0,0,0,0,0,0,0,0,0,0,0,0,0,0,0,0,0,0,0,0,0,0,0,0,0,0,0,0,0,0,0,0,0,0,0,0,)
st[26]=10
ft[26]=11
b[26] =(0,0,0,0,0,0,0,0,0,0,1,0,0,0,0,0,0,0,0,0,0,0,0,0,0,0,0,0,0,0,0,0,0,0,0,0,0,0,0,0,0,0,0,0,0,0,)
st[27]=30
ft[27]=37
b[27] =(0,0,0,0,0,0,0,0,0,0,0,0,0,0,0,0,0,0,0,0,0,0,0,0,0,0,0,0,0,0,2.25,1.45,4,1,3.3,1,10,0,0,0,0,0,0,0,0,0,)
st[28]=22
ft[28]=27
b[28] =(0,0,0,0,0,0,0,0,0,0,0,0,0,0,0,0,0,0,0,0,0,0,9,4.9,7.67143,4,9,0,0,0,0,0,0,0,0,0,0,0,0,0,0,0,0,0,0,0,)
st[29]=18
ft[29]=19
b[29] =(0,0,0,0,0,0,0,0,0,0,0,0,0,0,0,0,0,0,9,0,0,0,0,0,0,0,0,0,0,0,0,0,0,0,0,0,0,0,0,0,0,0,0,0,0,0,)
event= 0, 1, 2, 3, 4, 5, 6, 7, 8, 9, 10, 11, 12, 13, 14, 15, 16, 17, 18, 19, 20, 21, 22, 23, 24, 25, 26, 27, 28, 29, 30, 31, 32, 33, 34, 35, 36, 37, 38, 39, 40, 41, 42, 43, 44, 45, 46, 
valide? 1
**************************************************
inst30_5.txt
 Starting resolution without ER inequalities
Warning: Control callbacks may disable some MIP features.
Sol n°1 obj: 	0
Sol n°1 time: 	1.14997
Sol n°1 gap: 	1e+75
Final status: 	Optimal en 1.15304
Final objective: 0
Final gap: 	0
...
sol vaut : 
st[0]=37
ft[0]=39
b[0] =(0,0,0,0,0,0,0,0,0,0,0,0,0,0,0,0,0,0,0,0,0,0,0,0,0,0,0,0,0,0,0,0,0,0,0,0,0,9,6,0,0,0,0,0,)
st[1]=2
ft[1]=3
b[1] =(0,0,10,0,0,0,0,0,0,0,0,0,0,0,0,0,0,0,0,0,0,0,0,0,0,0,0,0,0,0,0,0,0,0,0,0,0,0,0,0,0,0,0,0,)
st[2]=7
ft[2]=8
b[2] =(0,0,0,0,0,0,0,8,0,0,0,0,0,0,0,0,0,0,0,0,0,0,0,0,0,0,0,0,0,0,0,0,0,0,0,0,0,0,0,0,0,0,0,0,)
st[3]=19
ft[3]=24
b[3] =(0,0,0,0,0,0,0,0,0,0,0,0,0,0,0,0,0,0,0,2,2,9,2,2,0,0,0,0,0,0,0,0,0,0,0,0,0,0,0,0,0,0,0,0,)
st[4]=27
ft[4]=28
b[4] =(0,0,0,0,0,0,0,0,0,0,0,0,0,0,0,0,0,0,0,0,0,0,0,0,0,0,0,1,0,0,0,0,0,0,0,0,0,0,0,0,0,0,0,0,)
st[5]=10
ft[5]=15
b[5] =(0,0,0,0,0,0,0,0,0,0,6.5,3,3,3,3,0,0,0,0,0,0,0,0,0,0,0,0,0,0,0,0,0,0,0,0,0,0,0,0,0,0,0,0,0,)
st[6]=1
ft[6]=2
b[6] =(0,10,0,0,0,0,0,0,0,0,0,0,0,0,0,0,0,0,0,0,0,0,0,0,0,0,0,0,0,0,0,0,0,0,0,0,0,0,0,0,0,0,0,0,)
st[7]=17
ft[7]=19
b[7] =(0,0,0,0,0,0,0,0,0,0,0,0,0,0,0,0,0,9,8.875,0,0,0,0,0,0,0,0,0,0,0,0,0,0,0,0,0,0,0,0,0,0,0,0,0,)
st[8]=32
ft[8]=33
b[8] =(0,0,0,0,0,0,0,0,0,0,0,0,0,0,0,0,0,0,0,0,0,0,0,0,0,0,0,0,0,0,0,0,5,0,0,0,0,0,0,0,0,0,0,0,)
st[9]=24
ft[9]=36
b[9] =(0,0,0,0,0,0,0,0,0,0,0,0,0,0,0,0,0,0,0,0,0,0,0,0,1,1,1,1,1,1.28571,1,1,2,3,4.71429,1,0,0,0,0,0,0,0,0,)
st[10]=11
ft[10]=13
b[10] =(0,0,0,0,0,0,0,0,0,0,0,7,7,0,0,0,0,0,0,0,0,0,0,0,0,0,0,0,0,0,0,0,0,0,0,0,0,0,0,0,0,0,0,0,)
st[11]=28
ft[11]=30
b[11] =(0,0,0,0,0,0,0,0,0,0,0,0,0,0,0,0,0,0,0,0,0,0,0,0,0,0,0,0,7,6.71429,0,0,0,0,0,0,0,0,0,0,0,0,0,0,)
st[12]=24
ft[12]=27
b[12] =(0,0,0,0,0,0,0,0,0,0,0,0,0,0,0,0,0,0,0,0,0,0,0,0,7.5,8,7,0,0,0,0,0,0,0,0,0,0,0,0,0,0,0,0,0,)
st[13]=9
ft[13]=10
b[13] =(0,0,0,0,0,0,0,0,0,6,0,0,0,0,0,0,0,0,0,0,0,0,0,0,0,0,0,0,0,0,0,0,0,0,0,0,0,0,0,0,0,0,0,0,)
st[14]=15
ft[14]=17
b[14] =(0,0,0,0,0,0,0,0,0,0,0,0,0,0,0,9,9,0,0,0,0,0,0,0,0,0,0,0,0,0,0,0,0,0,0,0,0,0,0,0,0,0,0,0,)
st[15]=5
ft[15]=7
b[15] =(0,0,0,0,0,7,10,0,0,0,0,0,0,0,0,0,0,0,0,0,0,0,0,0,0,0,0,0,0,0,0,0,0,0,0,0,0,0,0,0,0,0,0,0,)
st[16]=31
ft[16]=36
b[16] =(0,0,0,0,0,0,0,0,0,0,0,0,0,0,0,0,0,0,0,0,0,0,0,0,0,0,0,0,0,0,0,6,2,2,2,2,0,0,0,0,0,0,0,0,)
st[17]=20
ft[17]=21
b[17] =(0,0,0,0,0,0,0,0,0,0,0,0,0,0,0,0,0,0,0,0,7,0,0,0,0,0,0,0,0,0,0,0,0,0,0,0,0,0,0,0,0,0,0,0,)
st[18]=8
ft[18]=9
b[18] =(0,0,0,0,0,0,0,0,2,0,0,0,0,0,0,0,0,0,0,0,0,0,0,0,0,0,0,0,0,0,0,0,0,0,0,0,0,0,0,0,0,0,0,0,)
st[19]=13
ft[19]=39
b[19] =(0,0,0,0,0,0,0,0,0,0,0,0,0,7,1,1,1,1,1,1,1,1,1,1,1,1,1,1,1,1,1,1,1,1,1,1,1,1,4,0,0,0,0,0,)
st[20]=19
ft[20]=20
b[20] =(0,0,0,0,0,0,0,0,0,0,0,0,0,0,0,0,0,0,0,7,0,0,0,0,0,0,0,0,0,0,0,0,0,0,0,0,0,0,0,0,0,0,0,0,)
st[21]=27
ft[21]=28
b[21] =(0,0,0,0,0,0,0,0,0,0,0,0,0,0,0,0,0,0,0,0,0,0,0,0,0,0,0,6,0,0,0,0,0,0,0,0,0,0,0,0,0,0,0,0,)
st[22]=10
ft[22]=11
b[22] =(0,0,0,0,0,0,0,0,0,0,3.5,0,0,0,0,0,0,0,0,0,0,0,0,0,0,0,0,0,0,0,0,0,0,0,0,0,0,0,0,0,0,0,0,0,)
st[23]=3
ft[23]=5
b[23] =(0,0,0,1,1,0,0,0,0,0,0,0,0,0,0,0,0,0,0,0,0,0,0,0,0,0,0,0,0,0,0,0,0,0,0,0,0,0,0,0,0,0,0,0,)
st[24]=3
ft[24]=6
b[24] =(0,0,0,9,9,3,0,0,0,0,0,0,0,0,0,0,0,0,0,0,0,0,0,0,0,0,0,0,0,0,0,0,0,0,0,0,0,0,0,0,0,0,0,0,)
st[25]=8
ft[25]=9
b[25] =(0,0,0,0,0,0,0,0,5,0,0,0,0,0,0,0,0,0,0,0,0,0,0,0,0,0,0,0,0,0,0,0,0,0,0,0,0,0,0,0,0,0,0,0,)
st[26]=40
ft[26]=43
b[26] =(0,0,0,0,0,0,0,0,0,0,0,0,0,0,0,0,0,0,0,0,0,0,0,0,0,0,0,0,0,0,0,0,0,0,0,0,0,0,0,0,2,10,10,0,)
st[27]=33
ft[27]=34
b[27] =(0,0,0,0,0,0,0,0,0,0,0,0,0,0,0,0,0,0,0,0,0,0,0,0,0,0,0,0,0,0,0,0,0,4,0,0,0,0,0,0,0,0,0,0,)
st[28]=26
ft[28]=32
b[28] =(0,0,0,0,0,0,0,0,0,0,0,0,0,0,0,0,0,0,0,0,0,0,0,0,0,0,1,1,1,1,1,1,0,0,0,0,0,0,0,0,0,0,0,0,)
st[29]=7
ft[29]=8
b[29] =(0,0,0,0,0,0,0,2,0,0,0,0,0,0,0,0,0,0,0,0,0,0,0,0,0,0,0,0,0,0,0,0,0,0,0,0,0,0,0,0,0,0,0,0,)
event= 0, 1, 2, 3, 4, 5, 6, 7, 8, 9, 10, 11, 12, 13, 14, 15, 16, 17, 18, 19, 20, 21, 22, 23, 24, 25, 26, 27, 28, 29, 30, 31, 32, 33, 34, 35, 36, 37, 38, 39, 40, 41, 42, 43, 44, 
valide? 1
**************************************************
inst30_7.txt
 Starting resolution without ER inequalities
Warning: Control callbacks may disable some MIP features.
Sol n°1 obj: 	0
Sol n°1 time: 	2.38669
Sol n°1 gap: 	1e+75
Final status: 	Optimal en 2.40901
Final objective: 0
Final gap: 	0
...
sol vaut : 
st[0]=2
ft[0]=4
b[0] =(0,0,4,5,0,0,0,0,0,0,0,0,0,0,0,0,0,0,0,0,0,0,0,0,0,0,0,0,0,0,0,0,0,0,0,0,0,0,0,0,0,0,0,0,0,0,0,0,0,0,)
st[1]=3
ft[1]=6
b[1] =(0,0,0,4,4,5,0,0,0,0,0,0,0,0,0,0,0,0,0,0,0,0,0,0,0,0,0,0,0,0,0,0,0,0,0,0,0,0,0,0,0,0,0,0,0,0,0,0,0,0,)
st[2]=37
ft[2]=41
b[2] =(0,0,0,0,0,0,0,0,0,0,0,0,0,0,0,0,0,0,0,0,0,0,0,0,0,0,0,0,0,0,0,0,0,0,0,0,0,3,3.8,5,8,0,0,0,0,0,0,0,0,0,)
st[3]=4
ft[3]=8
b[3] =(0,0,0,0,5,3,7,4.2,0,0,0,0,0,0,0,0,0,0,0,0,0,0,0,0,0,0,0,0,0,0,0,0,0,0,0,0,0,0,0,0,0,0,0,0,0,0,0,0,0,0,)
st[4]=8
ft[4]=11
b[4] =(0,0,0,0,0,0,0,0,4.61111,5.5,1,0,0,0,0,0,0,0,0,0,0,0,0,0,0,0,0,0,0,0,0,0,0,0,0,0,0,0,0,0,0,0,0,0,0,0,0,0,0,0,)
st[5]=28
ft[5]=49
b[5] =(0,0,0,0,0,0,0,0,0,0,0,0,0,0,0,0,0,0,0,0,0,0,0,0,0,0,0,0,1,1,1,1,1,1,1,1,1,1,1,1,1,1,1,1,1,1,1,1,10,0,)
st[6]=26
ft[6]=30
b[6] =(0,0,0,0,0,0,0,0,0,0,0,0,0,0,0,0,0,0,0,0,0,0,0,0,0,0,7,5.5,6,9,0,0,0,0,0,0,0,0,0,0,0,0,0,0,0,0,0,0,0,0,)
st[7]=6
ft[7]=11
b[7] =(0,0,0,0,0,0,1,1,1,1.5,1,0,0,0,0,0,0,0,0,0,0,0,0,0,0,0,0,0,0,0,0,0,0,0,0,0,0,0,0,0,0,0,0,0,0,0,0,0,0,0,)
st[8]=8
ft[8]=10
b[8] =(0,0,0,0,0,0,0,0,1.5,1,0,0,0,0,0,0,0,0,0,0,0,0,0,0,0,0,0,0,0,0,0,0,0,0,0,0,0,0,0,0,0,0,0,0,0,0,0,0,0,0,)
st[9]=7
ft[9]=8
b[9] =(0,0,0,0,0,0,0,1,0,0,0,0,0,0,0,0,0,0,0,0,0,0,0,0,0,0,0,0,0,0,0,0,0,0,0,0,0,0,0,0,0,0,0,0,0,0,0,0,0,0,)
st[10]=22
ft[10]=25
b[10] =(0,0,0,0,0,0,0,0,0,0,0,0,0,0,0,0,0,0,0,0,0,0,4,4,4,0,0,0,0,0,0,0,0,0,0,0,0,0,0,0,0,0,0,0,0,0,0,0,0,0,)
st[11]=14
ft[11]=15
b[11] =(0,0,0,0,0,0,0,0,0,0,0,0,0,0,6.17857,0,0,0,0,0,0,0,0,0,0,0,0,0,0,0,0,0,0,0,0,0,0,0,0,0,0,0,0,0,0,0,0,0,0,0,)
st[12]=33
ft[12]=40
b[12] =(0,0,0,0,0,0,0,0,0,0,0,0,0,0,0,0,0,0,0,0,0,0,0,0,0,0,0,0,0,0,0,0,0,5,3.83333,3,3,3,4.2,3,0,0,0,0,0,0,0,0,0,0,)
st[13]=11
ft[13]=14
b[13] =(0,0,0,0,0,0,0,0,0,0,0,3.14286,2,2,0,0,0,0,0,0,0,0,0,0,0,0,0,0,0,0,0,0,0,0,0,0,0,0,0,0,0,0,0,0,0,0,0,0,0,0,)
st[14]=11
ft[14]=14
b[14] =(0,0,0,0,0,0,0,0,0,0,0,6.85714,8,8,0,0,0,0,0,0,0,0,0,0,0,0,0,0,0,0,0,0,0,0,0,0,0,0,0,0,0,0,0,0,0,0,0,0,0,0,)
st[15]=0
ft[15]=3
b[15] =(6.8,5,5,0,0,0,0,0,0,0,0,0,0,0,0,0,0,0,0,0,0,0,0,0,0,0,0,0,0,0,0,0,0,0,0,0,0,0,0,0,0,0,0,0,0,0,0,0,0,0,)
st[16]=16
ft[16]=20
b[16] =(0,0,0,0,0,0,0,0,0,0,0,0,0,0,0,0,6,9,2,2,0,0,0,0,0,0,0,0,0,0,0,0,0,0,0,0,0,0,0,0,0,0,0,0,0,0,0,0,0,0,)
st[17]=22
ft[17]=26
b[17] =(0,0,0,0,0,0,0,0,0,0,0,0,0,0,0,0,0,0,0,0,0,0,6,6,6,10,0,0,0,0,0,0,0,0,0,0,0,0,0,0,0,0,0,0,0,0,0,0,0,0,)
st[18]=14
ft[18]=20
b[18] =(0,0,0,0,0,0,0,0,0,0,0,0,0,0,1,1,1,1,1,1,0,0,0,0,0,0,0,0,0,0,0,0,0,0,0,0,0,0,0,0,0,0,0,0,0,0,0,0,0,0,)
st[19]=30
ft[19]=48
b[19] =(0,0,0,0,0,0,0,0,0,0,0,0,0,0,0,0,0,0,0,0,0,0,0,0,0,0,0,0,0,0,1,1,1,1,4.16667,1,1,1,1,1,1,1,1,1,1,1,1,1,0,0,)
st[20]=5
ft[20]=11
b[20] =(0,0,0,0,0,1,1,1,1.88889,1,1,0,0,0,0,0,0,0,0,0,0,0,0,0,0,0,0,0,0,0,0,0,0,0,0,0,0,0,0,0,0,0,0,0,0,0,0,0,0,0,)
st[21]=26
ft[21]=29
b[21] =(0,0,0,0,0,0,0,0,0,0,0,0,0,0,0,0,0,0,0,0,0,0,0,0,0,0,3,4.5,3,0,0,0,0,0,0,0,0,0,0,0,0,0,0,0,0,0,0,0,0,0,)
st[22]=30
ft[22]=36
b[22] =(0,0,0,0,0,0,0,0,0,0,0,0,0,0,0,0,0,0,0,0,0,0,0,0,0,0,0,0,0,0,1,1,1,3,1,5,0,0,0,0,0,0,0,0,0,0,0,0,0,0,)
st[23]=30
ft[23]=33
b[23] =(0,0,0,0,0,0,0,0,0,0,0,0,0,0,0,0,0,0,0,0,0,0,0,0,0,0,0,0,0,0,7,7,7,0,0,0,0,0,0,0,0,0,0,0,0,0,0,0,0,0,)
st[24]=15
ft[24]=17
b[24] =(0,0,0,0,0,0,0,0,0,0,0,0,0,0,0,3.57143,3,0,0,0,0,0,0,0,0,0,0,0,0,0,0,0,0,0,0,0,0,0,0,0,0,0,0,0,0,0,0,0,0,0,)
st[25]=1
ft[25]=11
b[25] =(0,5,1,1,1,1,1,2.8,1,1,1,0,0,0,0,0,0,0,0,0,0,0,0,0,0,0,0,0,0,0,0,0,0,0,0,0,0,0,0,0,0,0,0,0,0,0,0,0,0,0,)
st[26]=18
ft[26]=22
b[26] =(0,0,0,0,0,0,0,0,0,0,0,0,0,0,0,0,0,0,7,7,4,4,0,0,0,0,0,0,0,0,0,0,0,0,0,0,0,0,0,0,0,0,0,0,0,0,0,0,0,0,)
st[27]=20
ft[27]=22
b[27] =(0,0,0,0,0,0,0,0,0,0,0,0,0,0,0,0,0,0,0,0,6,6,0,0,0,0,0,0,0,0,0,0,0,0,0,0,0,0,0,0,0,0,0,0,0,0,0,0,0,0,)
st[28]=10
ft[28]=11
b[28] =(0,0,0,0,0,0,0,0,0,0,6,0,0,0,0,0,0,0,0,0,0,0,0,0,0,0,0,0,0,0,0,0,0,0,0,0,0,0,0,0,0,0,0,0,0,0,0,0,0,0,)
st[29]=14
ft[29]=16
b[29] =(0,0,0,0,0,0,0,0,0,0,0,0,0,0,2.82143,5.42857,0,0,0,0,0,0,0,0,0,0,0,0,0,0,0,0,0,0,0,0,0,0,0,0,0,0,0,0,0,0,0,0,0,0,)
event= 0, 1, 2, 3, 4, 5, 6, 7, 8, 9, 10, 11, 12, 13, 14, 15, 16, 17, 18, 19, 20, 21, 22, 23, 24, 25, 26, 27, 28, 29, 30, 31, 32, 33, 34, 35, 36, 37, 38, 39, 40, 41, 42, 43, 44, 45, 46, 47, 48, 49, 50, 
valide? 1
**************************************************
inst30_8.txt
 Starting resolution without ER inequalities
Warning: Control callbacks may disable some MIP features.
Sol n°1 obj: 	0
Sol n°1 time: 	8.55997
Sol n°1 gap: 	1e+75
Final status: 	Optimal en 8.70467
Final objective: 0
Final gap: 	0
...
sol vaut : 
st[0]=4
ft[0]=10
b[0] =(0,0,0,0,5,1,1,1,1,1,0,0,0,0,0,0,0,0,0,0,0,0,0,0,0,0,0,0,0,0,0,0,0,0,0,0,0,0,0,0,0,0,0,0,0,0,)
st[1]=20
ft[1]=44
b[1] =(0,0,0,0,0,0,0,0,0,0,0,0,0,0,0,0,0,0,0,0,1,1,1,1,1,1,1,1,1,1,1,1,1,3.1,1,2.16667,1,1,1,1,1,1,1,1,0,0,)
st[2]=38
ft[2]=42
b[2] =(0,0,0,0,0,0,0,0,0,0,0,0,0,0,0,0,0,0,0,0,0,0,0,0,0,0,0,0,0,0,0,0,0,0,0,0,0,0,4.8,2,2,9,0,0,0,0,)
st[3]=16
ft[3]=19
b[3] =(0,0,0,0,0,0,0,0,0,0,0,0,0,0,0,0,1,1,1,0,0,0,0,0,0,0,0,0,0,0,0,0,0,0,0,0,0,0,0,0,0,0,0,0,0,0,)
st[4]=29
ft[4]=33
b[4] =(0,0,0,0,0,0,0,0,0,0,0,0,0,0,0,0,0,0,0,0,0,0,0,0,0,0,0,0,0,5,5,9,6.11111,0,0,0,0,0,0,0,0,0,0,0,0,0,)
st[5]=15
ft[5]=18
b[5] =(0,0,0,0,0,0,0,0,0,0,0,0,0,0,0,1,1,3.75,0,0,0,0,0,0,0,0,0,0,0,0,0,0,0,0,0,0,0,0,0,0,0,0,0,0,0,0,)
st[6]=23
ft[6]=26
b[6] =(0,0,0,0,0,0,0,0,0,0,0,0,0,0,0,0,0,0,0,0,0,0,0,6.5,7,8,0,0,0,0,0,0,0,0,0,0,0,0,0,0,0,0,0,0,0,0,)
st[7]=26
ft[7]=31
b[7] =(0,0,0,0,0,0,0,0,0,0,0,0,0,0,0,0,0,0,0,0,0,0,0,0,0,0,4.25,8,1,4,4,0,0,0,0,0,0,0,0,0,0,0,0,0,0,0,)
st[8]=10
ft[8]=12
b[8] =(0,0,0,0,0,0,0,0,0,0,4,2.5,0,0,0,0,0,0,0,0,0,0,0,0,0,0,0,0,0,0,0,0,0,0,0,0,0,0,0,0,0,0,0,0,0,0,)
st[9]=3
ft[9]=5
b[9] =(0,0,0,8,5,0,0,0,0,0,0,0,0,0,0,0,0,0,0,0,0,0,0,0,0,0,0,0,0,0,0,0,0,0,0,0,0,0,0,0,0,0,0,0,0,0,)
st[10]=5
ft[10]=8
b[10] =(0,0,0,0,0,1,1,1,0,0,0,0,0,0,0,0,0,0,0,0,0,0,0,0,0,0,0,0,0,0,0,0,0,0,0,0,0,0,0,0,0,0,0,0,0,0,)
st[11]=5
ft[11]=8
b[11] =(0,0,0,0,0,4,4,4,0,0,0,0,0,0,0,0,0,0,0,0,0,0,0,0,0,0,0,0,0,0,0,0,0,0,0,0,0,0,0,0,0,0,0,0,0,0,)
st[12]=25
ft[12]=29
b[12] =(0,0,0,0,0,0,0,0,0,0,0,0,0,0,0,0,0,0,0,0,0,0,0,0,0,1,4.75,1,8,0,0,0,0,0,0,0,0,0,0,0,0,0,0,0,0,0,)
st[13]=18
ft[13]=22
b[13] =(0,0,0,0,0,0,0,0,0,0,0,0,0,0,0,0,0,0,2.25,2,2,2,0,0,0,0,0,0,0,0,0,0,0,0,0,0,0,0,0,0,0,0,0,0,0,0,)
st[14]=15
ft[14]=18
b[14] =(0,0,0,0,0,0,0,0,0,0,0,0,0,0,0,3,3,3,0,0,0,0,0,0,0,0,0,0,0,0,0,0,0,0,0,0,0,0,0,0,0,0,0,0,0,0,)
st[15]=13
ft[15]=17
b[15] =(0,0,0,0,0,0,0,0,0,0,0,0,0,5.5,5,5,5,0,0,0,0,0,0,0,0,0,0,0,0,0,0,0,0,0,0,0,0,0,0,0,0,0,0,0,0,0,)
st[16]=18
ft[16]=25
b[16] =(0,0,0,0,0,0,0,0,0,0,0,0,0,0,0,0,0,0,2,2,2,2,3,2.5,2,0,0,0,0,0,0,0,0,0,0,0,0,0,0,0,0,0,0,0,0,0,)
st[17]=19
ft[17]=20
b[17] =(0,0,0,0,0,0,0,0,0,0,0,0,0,0,0,0,0,0,0,1,0,0,0,0,0,0,0,0,0,0,0,0,0,0,0,0,0,0,0,0,0,0,0,0,0,0,)
st[18]=20
ft[18]=23
b[18] =(0,0,0,0,0,0,0,0,0,0,0,0,0,0,0,0,0,0,0,0,5,5,6,0,0,0,0,0,0,0,0,0,0,0,0,0,0,0,0,0,0,0,0,0,0,0,)
st[19]=35
ft[19]=37
b[19] =(0,0,0,0,0,0,0,0,0,0,0,0,0,0,0,0,0,0,0,0,0,0,0,0,0,0,0,0,0,0,0,0,0,0,0,7.83333,9,0,0,0,0,0,0,0,0,0,)
st[20]=2
ft[20]=3
b[20] =(0,0,2,0,0,0,0,0,0,0,0,0,0,0,0,0,0,0,0,0,0,0,0,0,0,0,0,0,0,0,0,0,0,0,0,0,0,0,0,0,0,0,0,0,0,0,)
st[21]=14
ft[21]=16
b[21] =(0,0,0,0,0,0,0,0,0,0,0,0,0,0,1,1,0,0,0,0,0,0,0,0,0,0,0,0,0,0,0,0,0,0,0,0,0,0,0,0,0,0,0,0,0,0,)
st[22]=17
ft[22]=20
b[22] =(0,0,0,0,0,0,0,0,0,0,0,0,0,0,0,0,0,2.25,4.75,5,0,0,0,0,0,0,0,0,0,0,0,0,0,0,0,0,0,0,0,0,0,0,0,0,0,0,)
st[23]=10
ft[23]=12
b[23] =(0,0,0,0,0,0,0,0,0,0,1,1,0,0,0,0,0,0,0,0,0,0,0,0,0,0,0,0,0,0,0,0,0,0,0,0,0,0,0,0,0,0,0,0,0,0,)
st[24]=8
ft[24]=12
b[24] =(0,0,0,0,0,0,0,0,5,6,5,6.5,0,0,0,0,0,0,0,0,0,0,0,0,0,0,0,0,0,0,0,0,0,0,0,0,0,0,0,0,0,0,0,0,0,0,)
st[25]=5
ft[25]=9
b[25] =(0,0,0,0,0,4,4,4,4,0,0,0,0,0,0,0,0,0,0,0,0,0,0,0,0,0,0,0,0,0,0,0,0,0,0,0,0,0,0,0,0,0,0,0,0,0,)
st[26]=37
ft[26]=41
b[26] =(0,0,0,0,0,0,0,0,0,0,0,0,0,0,0,0,0,0,0,0,0,0,0,0,0,0,0,0,0,0,0,0,0,0,0,0,0,7.8,4.2,7,1,0,0,0,0,0,)
st[27]=9
ft[27]=10
b[27] =(0,0,0,0,0,0,0,0,0,3,0,0,0,0,0,0,0,0,0,0,0,0,0,0,0,0,0,0,0,0,0,0,0,0,0,0,0,0,0,0,0,0,0,0,0,0,)
st[28]=33
ft[28]=35
b[28] =(0,0,0,0,0,0,0,0,0,0,0,0,0,0,0,0,0,0,0,0,0,0,0,0,0,0,0,0,0,0,0,0,0,6.9,9,0,0,0,0,0,0,0,0,0,0,0,)
st[29]=12
ft[29]=15
b[29] =(0,0,0,0,0,0,0,0,0,0,0,0,9,4.5,4,0,0,0,0,0,0,0,0,0,0,0,0,0,0,0,0,0,0,0,0,0,0,0,0,0,0,0,0,0,0,0,)
event= 0, 1, 2, 3, 4, 5, 6, 7, 8, 9, 10, 11, 12, 13, 14, 15, 16, 17, 18, 19, 20, 21, 22, 23, 24, 25, 26, 27, 28, 29, 30, 31, 32, 33, 34, 35, 36, 37, 38, 39, 40, 41, 42, 43, 44, 45, 46, 
valide? 1
**************************************************
inst25_1.txt
 Starting resolution without ER inequalities
Warning: Control callbacks may disable some MIP features.
Sol n°1 obj: 	0
Sol n°1 time: 	4.77087
Sol n°1 gap: 	1e+75
Final status: 	Optimal en 4.82254
Final objective: 0
Final gap: 	0
...
sol vaut : 
st[0]=13
ft[0]=25
b[0] =(0,0,0,0,0,0,0,0,0,0,0,0,0,1,1,1,1,1,1,1,1,1,7,1,1,0,0,0,0,0,0,0,0,0,0,0,0,0,)
st[1]=4
ft[1]=5
b[1] =(0,0,0,0,1,0,0,0,0,0,0,0,0,0,0,0,0,0,0,0,0,0,0,0,0,0,0,0,0,0,0,0,0,0,0,0,0,0,)
st[2]=15
ft[2]=16
b[2] =(0,0,0,0,0,0,0,0,0,0,0,0,0,0,0,6,0,0,0,0,0,0,0,0,0,0,0,0,0,0,0,0,0,0,0,0,0,0,)
st[3]=21
ft[3]=22
b[3] =(0,0,0,0,0,0,0,0,0,0,0,0,0,0,0,0,0,0,0,0,0,8,0,0,0,0,0,0,0,0,0,0,0,0,0,0,0,0,)
st[4]=5
ft[4]=9
b[4] =(0,0,0,0,0,2,2,2,2.66667,0,0,0,0,0,0,0,0,0,0,0,0,0,0,0,0,0,0,0,0,0,0,0,0,0,0,0,0,0,)
st[5]=16
ft[5]=20
b[5] =(0,0,0,0,0,0,0,0,0,0,0,0,0,0,0,0,5,5.625,6,6,0,0,0,0,0,0,0,0,0,0,0,0,0,0,0,0,0,0,)
st[6]=23
ft[6]=29
b[6] =(0,0,0,0,0,0,0,0,0,0,0,0,0,0,0,0,0,0,0,0,0,0,0,8,8,1,1,1,1,0,0,0,0,0,0,0,0,0,)
st[7]=25
ft[7]=29
b[7] =(0,0,0,0,0,0,0,0,0,0,0,0,0,0,0,0,0,0,0,0,0,0,0,0,0,8,3,6,4,0,0,0,0,0,0,0,0,0,)
st[8]=2
ft[8]=3
b[8] =(0,0,9,0,0,0,0,0,0,0,0,0,0,0,0,0,0,0,0,0,0,0,0,0,0,0,0,0,0,0,0,0,0,0,0,0,0,0,)
st[9]=28
ft[9]=31
b[9] =(0,0,0,0,0,0,0,0,0,0,0,0,0,0,0,0,0,0,0,0,0,0,0,0,0,0,0,0,2,8,7,0,0,0,0,0,0,0,)
st[10]=15
ft[10]=21
b[10] =(0,0,0,0,0,0,0,0,0,0,0,0,0,0,0,1,1,1.375,1,1,1,0,0,0,0,0,0,0,0,0,0,0,0,0,0,0,0,0,)
st[11]=26
ft[11]=31
b[11] =(0,0,0,0,0,0,0,0,0,0,0,0,0,0,0,0,0,0,0,0,0,0,0,0,0,0,5,1,1,1,1,0,0,0,0,0,0,0,)
st[12]=9
ft[12]=37
b[12] =(0,0,0,0,0,0,0,0,0,1,1,1,1,1,1,1,1,1,1,1,1,1,1,1,1,1,1,1,1,1,1,1,2,1,1.33333,1,1,0,)
st[13]=12
ft[13]=15
b[13] =(0,0,0,0,0,0,0,0,0,0,0,0,2,2,2,0,0,0,0,0,0,0,0,0,0,0,0,0,0,0,0,0,0,0,0,0,0,0,)
st[14]=4
ft[14]=10
b[14] =(0,0,0,0,5,1.14286,2,2,1,8,0,0,0,0,0,0,0,0,0,0,0,0,0,0,0,0,0,0,0,0,0,0,0,0,0,0,0,0,)
st[15]=3
ft[15]=5
b[15] =(0,0,0,5.4,3,0,0,0,0,0,0,0,0,0,0,0,0,0,0,0,0,0,0,0,0,0,0,0,0,0,0,0,0,0,0,0,0,0,)
st[16]=10
ft[16]=13
b[16] =(0,0,0,0,0,0,0,0,0,0,8,8,7,0,0,0,0,0,0,0,0,0,0,0,0,0,0,0,0,0,0,0,0,0,0,0,0,0,)
st[17]=5
ft[17]=9
b[17] =(0,0,0,0,0,5.85714,5,5,5.33333,0,0,0,0,0,0,0,0,0,0,0,0,0,0,0,0,0,0,0,0,0,0,0,0,0,0,0,0,0,)
st[18]=27
ft[18]=29
b[18] =(0,0,0,0,0,0,0,0,0,0,0,0,0,0,0,0,0,0,0,0,0,0,0,0,0,0,0,1,1,0,0,0,0,0,0,0,0,0,)
st[19]=34
ft[19]=37
b[19] =(0,0,0,0,0,0,0,0,0,0,0,0,0,0,0,0,0,0,0,0,0,0,0,0,0,0,0,0,0,0,0,0,0,0,8.66667,6,9,0,)
st[20]=20
ft[20]=21
b[20] =(0,0,0,0,0,0,0,0,0,0,0,0,0,0,0,0,0,0,0,0,1,0,0,0,0,0,0,0,0,0,0,0,0,0,0,0,0,0,)
st[21]=2
ft[21]=12
b[21] =(0,0,1,4.6,1,1,1,1,1,1,1,1,0,0,0,0,0,0,0,0,0,0,0,0,0,0,0,0,0,0,0,0,0,0,0,0,0,0,)
st[22]=32
ft[22]=34
b[22] =(0,0,0,0,0,0,0,0,0,0,0,0,0,0,0,0,0,0,0,0,0,0,0,0,0,0,0,0,0,0,0,0,8,9,0,0,0,0,)
st[23]=13
ft[23]=15
b[23] =(0,0,0,0,0,0,0,0,0,0,0,0,0,5,5,0,0,0,0,0,0,0,0,0,0,0,0,0,0,0,0,0,0,0,0,0,0,0,)
st[24]=13
ft[24]=21
b[24] =(0,0,0,0,0,0,0,0,0,0,0,0,0,1,1,1,2,1,1,1,6,0,0,0,0,0,0,0,0,0,0,0,0,0,0,0,0,0,)
event= 0, 1, 2, 3, 4, 5, 6, 7, 8, 9, 10, 11, 12, 13, 14, 15, 16, 17, 18, 19, 20, 21, 22, 23, 24, 25, 26, 27, 28, 29, 30, 31, 32, 33, 34, 35, 36, 37, 38, 
valide? 1
**************************************************
inst25_3.txt
 Starting resolution without ER inequalities
Warning: Control callbacks may disable some MIP features.
status: Infeasible en 0.011807
Hurray!
sol vaut : 
st[0]=0
ft[0]=0
b[0] =(0,0,0,0,0,0,0,0,0,0,0,0,0,0,0,0,0,0,0,0,0,0,0,0,0,0,0,0,0,0,0,0,0,0,0,0,0,0,0,0,0,0,0,0,0,)
st[1]=0
ft[1]=0
b[1] =(0,0,0,0,0,0,0,0,0,0,0,0,0,0,0,0,0,0,0,0,0,0,0,0,0,0,0,0,0,0,0,0,0,0,0,0,0,0,0,0,0,0,0,0,0,)
st[2]=0
ft[2]=0
b[2] =(0,0,0,0,0,0,0,0,0,0,0,0,0,0,0,0,0,0,0,0,0,0,0,0,0,0,0,0,0,0,0,0,0,0,0,0,0,0,0,0,0,0,0,0,0,)
st[3]=0
ft[3]=0
b[3] =(0,0,0,0,0,0,0,0,0,0,0,0,0,0,0,0,0,0,0,0,0,0,0,0,0,0,0,0,0,0,0,0,0,0,0,0,0,0,0,0,0,0,0,0,0,)
st[4]=0
ft[4]=0
b[4] =(0,0,0,0,0,0,0,0,0,0,0,0,0,0,0,0,0,0,0,0,0,0,0,0,0,0,0,0,0,0,0,0,0,0,0,0,0,0,0,0,0,0,0,0,0,)
st[5]=0
ft[5]=0
b[5] =(0,0,0,0,0,0,0,0,0,0,0,0,0,0,0,0,0,0,0,0,0,0,0,0,0,0,0,0,0,0,0,0,0,0,0,0,0,0,0,0,0,0,0,0,0,)
st[6]=0
ft[6]=0
b[6] =(0,0,0,0,0,0,0,0,0,0,0,0,0,0,0,0,0,0,0,0,0,0,0,0,0,0,0,0,0,0,0,0,0,0,0,0,0,0,0,0,0,0,0,0,0,)
st[7]=0
ft[7]=0
b[7] =(0,0,0,0,0,0,0,0,0,0,0,0,0,0,0,0,0,0,0,0,0,0,0,0,0,0,0,0,0,0,0,0,0,0,0,0,0,0,0,0,0,0,0,0,0,)
st[8]=0
ft[8]=0
b[8] =(0,0,0,0,0,0,0,0,0,0,0,0,0,0,0,0,0,0,0,0,0,0,0,0,0,0,0,0,0,0,0,0,0,0,0,0,0,0,0,0,0,0,0,0,0,)
st[9]=0
ft[9]=0
b[9] =(0,0,0,0,0,0,0,0,0,0,0,0,0,0,0,0,0,0,0,0,0,0,0,0,0,0,0,0,0,0,0,0,0,0,0,0,0,0,0,0,0,0,0,0,0,)
st[10]=0
ft[10]=0
b[10] =(0,0,0,0,0,0,0,0,0,0,0,0,0,0,0,0,0,0,0,0,0,0,0,0,0,0,0,0,0,0,0,0,0,0,0,0,0,0,0,0,0,0,0,0,0,)
st[11]=0
ft[11]=0
b[11] =(0,0,0,0,0,0,0,0,0,0,0,0,0,0,0,0,0,0,0,0,0,0,0,0,0,0,0,0,0,0,0,0,0,0,0,0,0,0,0,0,0,0,0,0,0,)
st[12]=0
ft[12]=0
b[12] =(0,0,0,0,0,0,0,0,0,0,0,0,0,0,0,0,0,0,0,0,0,0,0,0,0,0,0,0,0,0,0,0,0,0,0,0,0,0,0,0,0,0,0,0,0,)
st[13]=0
ft[13]=0
b[13] =(0,0,0,0,0,0,0,0,0,0,0,0,0,0,0,0,0,0,0,0,0,0,0,0,0,0,0,0,0,0,0,0,0,0,0,0,0,0,0,0,0,0,0,0,0,)
st[14]=0
ft[14]=0
b[14] =(0,0,0,0,0,0,0,0,0,0,0,0,0,0,0,0,0,0,0,0,0,0,0,0,0,0,0,0,0,0,0,0,0,0,0,0,0,0,0,0,0,0,0,0,0,)
st[15]=0
ft[15]=0
b[15] =(0,0,0,0,0,0,0,0,0,0,0,0,0,0,0,0,0,0,0,0,0,0,0,0,0,0,0,0,0,0,0,0,0,0,0,0,0,0,0,0,0,0,0,0,0,)
st[16]=0
ft[16]=0
b[16] =(0,0,0,0,0,0,0,0,0,0,0,0,0,0,0,0,0,0,0,0,0,0,0,0,0,0,0,0,0,0,0,0,0,0,0,0,0,0,0,0,0,0,0,0,0,)
st[17]=0
ft[17]=0
b[17] =(0,0,0,0,0,0,0,0,0,0,0,0,0,0,0,0,0,0,0,0,0,0,0,0,0,0,0,0,0,0,0,0,0,0,0,0,0,0,0,0,0,0,0,0,0,)
st[18]=0
ft[18]=0
b[18] =(0,0,0,0,0,0,0,0,0,0,0,0,0,0,0,0,0,0,0,0,0,0,0,0,0,0,0,0,0,0,0,0,0,0,0,0,0,0,0,0,0,0,0,0,0,)
st[19]=0
ft[19]=0
b[19] =(0,0,0,0,0,0,0,0,0,0,0,0,0,0,0,0,0,0,0,0,0,0,0,0,0,0,0,0,0,0,0,0,0,0,0,0,0,0,0,0,0,0,0,0,0,)
st[20]=0
ft[20]=0
b[20] =(0,0,0,0,0,0,0,0,0,0,0,0,0,0,0,0,0,0,0,0,0,0,0,0,0,0,0,0,0,0,0,0,0,0,0,0,0,0,0,0,0,0,0,0,0,)
st[21]=0
ft[21]=0
b[21] =(0,0,0,0,0,0,0,0,0,0,0,0,0,0,0,0,0,0,0,0,0,0,0,0,0,0,0,0,0,0,0,0,0,0,0,0,0,0,0,0,0,0,0,0,0,)
st[22]=0
ft[22]=0
b[22] =(0,0,0,0,0,0,0,0,0,0,0,0,0,0,0,0,0,0,0,0,0,0,0,0,0,0,0,0,0,0,0,0,0,0,0,0,0,0,0,0,0,0,0,0,0,)
st[23]=0
ft[23]=0
b[23] =(0,0,0,0,0,0,0,0,0,0,0,0,0,0,0,0,0,0,0,0,0,0,0,0,0,0,0,0,0,0,0,0,0,0,0,0,0,0,0,0,0,0,0,0,0,)
st[24]=0
ft[24]=0
b[24] =(0,0,0,0,0,0,0,0,0,0,0,0,0,0,0,0,0,0,0,0,0,0,0,0,0,0,0,0,0,0,0,0,0,0,0,0,0,0,0,0,0,0,0,0,0,)
event= 
valide? 0
**************************************************
inst25_6.txt
 Starting resolution without ER inequalities
Warning: Control callbacks may disable some MIP features.
Sol n°1 obj: 	0
Sol n°1 time: 	0.569822
Sol n°1 gap: 	1e+75
Final status: 	Optimal en 0.572421
Final objective: 0
Final gap: 	0
...
sol vaut : 
st[0]=0
ft[0]=3
b[0] =(9,1,5,0,0,0,0,0,0,0,0,0,0,0,0,0,0,0,0,0,0,0,0,0,0,0,0,0,0,0,0,0,0,0,0,0,0,0,0,0,0,)
st[1]=1
ft[1]=2
b[1] =(0,9,0,0,0,0,0,0,0,0,0,0,0,0,0,0,0,0,0,0,0,0,0,0,0,0,0,0,0,0,0,0,0,0,0,0,0,0,0,0,0,)
st[2]=25
ft[2]=30
b[2] =(0,0,0,0,0,0,0,0,0,0,0,0,0,0,0,0,0,0,0,0,0,0,0,0,0,2,2,2,2,2,0,0,0,0,0,0,0,0,0,0,0,)
st[3]=17
ft[3]=19
b[3] =(0,0,0,0,0,0,0,0,0,0,0,0,0,0,0,0,0,3.4,9,0,0,0,0,0,0,0,0,0,0,0,0,0,0,0,0,0,0,0,0,0,0,)
st[4]=11
ft[4]=12
b[4] =(0,0,0,0,0,0,0,0,0,0,0,1,0,0,0,0,0,0,0,0,0,0,0,0,0,0,0,0,0,0,0,0,0,0,0,0,0,0,0,0,0,)
st[5]=3
ft[5]=7
b[5] =(0,0,0,3,3,4.625,8,0,0,0,0,0,0,0,0,0,0,0,0,0,0,0,0,0,0,0,0,0,0,0,0,0,0,0,0,0,0,0,0,0,0,)
st[6]=21
ft[6]=23
b[6] =(0,0,0,0,0,0,0,0,0,0,0,0,0,0,0,0,0,0,0,0,0,8.25,1,0,0,0,0,0,0,0,0,0,0,0,0,0,0,0,0,0,0,)
st[7]=13
ft[7]=16
b[7] =(0,0,0,0,0,0,0,0,0,0,0,0,0,9.75,4,4,0,0,0,0,0,0,0,0,0,0,0,0,0,0,0,0,0,0,0,0,0,0,0,0,0,)
st[8]=27
ft[8]=28
b[8] =(0,0,0,0,0,0,0,0,0,0,0,0,0,0,0,0,0,0,0,0,0,0,0,0,0,0,0,8,0,0,0,0,0,0,0,0,0,0,0,0,0,)
st[9]=36
ft[9]=39
b[9] =(0,0,0,0,0,0,0,0,0,0,0,0,0,0,0,0,0,0,0,0,0,0,0,0,0,0,0,0,0,0,0,0,0,0,0,0,10,1.83333,7.16667,0,0,)
st[10]=16
ft[10]=18
b[10] =(0,0,0,0,0,0,0,0,0,0,0,0,0,0,0,0,9,6.6,0,0,0,0,0,0,0,0,0,0,0,0,0,0,0,0,0,0,0,0,0,0,0,)
st[11]=29
ft[11]=32
b[11] =(0,0,0,0,0,0,0,0,0,0,0,0,0,0,0,0,0,0,0,0,0,0,0,0,0,0,0,0,0,8,3.42857,2,0,0,0,0,0,0,0,0,0,)
st[12]=24
ft[12]=27
b[12] =(0,0,0,0,0,0,0,0,0,0,0,0,0,0,0,0,0,0,0,0,0,0,0,0,7,7.5,8,0,0,0,0,0,0,0,0,0,0,0,0,0,0,)
st[13]=7
ft[13]=12
b[13] =(0,0,0,0,0,0,0,2.1,1,1,1,1,0,0,0,0,0,0,0,0,0,0,0,0,0,0,0,0,0,0,0,0,0,0,0,0,0,0,0,0,0,)
st[14]=14
ft[14]=15
b[14] =(0,0,0,0,0,0,0,0,0,0,0,0,0,0,6,0,0,0,0,0,0,0,0,0,0,0,0,0,0,0,0,0,0,0,0,0,0,0,0,0,0,)
st[15]=11
ft[15]=13
b[15] =(0,0,0,0,0,0,0,0,0,0,0,7,10,0,0,0,0,0,0,0,0,0,0,0,0,0,0,0,0,0,0,0,0,0,0,0,0,0,0,0,0,)
st[16]=4
ft[16]=11
b[16] =(0,0,0,0,5,2.04167,2,2,2,2,2,0,0,0,0,0,0,0,0,0,0,0,0,0,0,0,0,0,0,0,0,0,0,0,0,0,0,0,0,0,0,)
st[17]=4
ft[17]=6
b[17] =(0,0,0,0,2,3.33333,0,0,0,0,0,0,0,0,0,0,0,0,0,0,0,0,0,0,0,0,0,0,0,0,0,0,0,0,0,0,0,0,0,0,0,)
st[18]=24
ft[18]=25
b[18] =(0,0,0,0,0,0,0,0,0,0,0,0,0,0,0,0,0,0,0,0,0,0,0,0,2,0,0,0,0,0,0,0,0,0,0,0,0,0,0,0,0,)
st[19]=38
ft[19]=40
b[19] =(0,0,0,0,0,0,0,0,0,0,0,0,0,0,0,0,0,0,0,0,0,0,0,0,0,0,0,0,0,0,0,0,0,0,0,0,0,0,2.83333,9,0,)
st[20]=22
ft[20]=23
b[20] =(0,0,0,0,0,0,0,0,0,0,0,0,0,0,0,0,0,0,0,0,0,0,9,0,0,0,0,0,0,0,0,0,0,0,0,0,0,0,0,0,0,)
st[21]=19
ft[21]=20
b[21] =(0,0,0,0,0,0,0,0,0,0,0,0,0,0,0,0,0,0,0,9,0,0,0,0,0,0,0,0,0,0,0,0,0,0,0,0,0,0,0,0,0,)
st[22]=24
ft[22]=25
b[22] =(0,0,0,0,0,0,0,0,0,0,0,0,0,0,0,0,0,0,0,0,0,0,0,0,1,0,0,0,0,0,0,0,0,0,0,0,0,0,0,0,0,)
st[23]=11
ft[23]=12
b[23] =(0,0,0,0,0,0,0,0,0,0,0,1,0,0,0,0,0,0,0,0,0,0,0,0,0,0,0,0,0,0,0,0,0,0,0,0,0,0,0,0,0,)
st[24]=7
ft[24]=11
b[24] =(0,0,0,0,0,0,0,5.9,7,7,7,0,0,0,0,0,0,0,0,0,0,0,0,0,0,0,0,0,0,0,0,0,0,0,0,0,0,0,0,0,0,)
event= 0, 1, 2, 3, 4, 5, 6, 7, 8, 9, 10, 11, 12, 13, 14, 15, 16, 17, 18, 19, 20, 21, 22, 23, 24, 25, 26, 27, 28, 29, 30, 31, 32, 33, 34, 35, 36, 37, 38, 39, 40, 41, 
valide? 1
**************************************************
inst20_10.txt
 Starting resolution without ER inequalities
Warning: Control callbacks may disable some MIP features.
status: Infeasible en 0.0242388
Hurray!
sol vaut : 
st[0]=0
ft[0]=0
b[0] =(0,0,0,0,0,0,0,0,0,0,0,0,0,0,0,0,0,0,0,0,0,0,0,0,0,0,0,0,0,0,0,0,0,0,0,0,0,0,0,0,0,0,)
st[1]=0
ft[1]=0
b[1] =(0,0,0,0,0,0,0,0,0,0,0,0,0,0,0,0,0,0,0,0,0,0,0,0,0,0,0,0,0,0,0,0,0,0,0,0,0,0,0,0,0,0,)
st[2]=0
ft[2]=0
b[2] =(0,0,0,0,0,0,0,0,0,0,0,0,0,0,0,0,0,0,0,0,0,0,0,0,0,0,0,0,0,0,0,0,0,0,0,0,0,0,0,0,0,0,)
st[3]=0
ft[3]=0
b[3] =(0,0,0,0,0,0,0,0,0,0,0,0,0,0,0,0,0,0,0,0,0,0,0,0,0,0,0,0,0,0,0,0,0,0,0,0,0,0,0,0,0,0,)
st[4]=0
ft[4]=0
b[4] =(0,0,0,0,0,0,0,0,0,0,0,0,0,0,0,0,0,0,0,0,0,0,0,0,0,0,0,0,0,0,0,0,0,0,0,0,0,0,0,0,0,0,)
st[5]=0
ft[5]=0
b[5] =(0,0,0,0,0,0,0,0,0,0,0,0,0,0,0,0,0,0,0,0,0,0,0,0,0,0,0,0,0,0,0,0,0,0,0,0,0,0,0,0,0,0,)
st[6]=0
ft[6]=0
b[6] =(0,0,0,0,0,0,0,0,0,0,0,0,0,0,0,0,0,0,0,0,0,0,0,0,0,0,0,0,0,0,0,0,0,0,0,0,0,0,0,0,0,0,)
st[7]=0
ft[7]=0
b[7] =(0,0,0,0,0,0,0,0,0,0,0,0,0,0,0,0,0,0,0,0,0,0,0,0,0,0,0,0,0,0,0,0,0,0,0,0,0,0,0,0,0,0,)
st[8]=0
ft[8]=0
b[8] =(0,0,0,0,0,0,0,0,0,0,0,0,0,0,0,0,0,0,0,0,0,0,0,0,0,0,0,0,0,0,0,0,0,0,0,0,0,0,0,0,0,0,)
st[9]=0
ft[9]=0
b[9] =(0,0,0,0,0,0,0,0,0,0,0,0,0,0,0,0,0,0,0,0,0,0,0,0,0,0,0,0,0,0,0,0,0,0,0,0,0,0,0,0,0,0,)
st[10]=0
ft[10]=0
b[10] =(0,0,0,0,0,0,0,0,0,0,0,0,0,0,0,0,0,0,0,0,0,0,0,0,0,0,0,0,0,0,0,0,0,0,0,0,0,0,0,0,0,0,)
st[11]=0
ft[11]=0
b[11] =(0,0,0,0,0,0,0,0,0,0,0,0,0,0,0,0,0,0,0,0,0,0,0,0,0,0,0,0,0,0,0,0,0,0,0,0,0,0,0,0,0,0,)
st[12]=0
ft[12]=0
b[12] =(0,0,0,0,0,0,0,0,0,0,0,0,0,0,0,0,0,0,0,0,0,0,0,0,0,0,0,0,0,0,0,0,0,0,0,0,0,0,0,0,0,0,)
st[13]=0
ft[13]=0
b[13] =(0,0,0,0,0,0,0,0,0,0,0,0,0,0,0,0,0,0,0,0,0,0,0,0,0,0,0,0,0,0,0,0,0,0,0,0,0,0,0,0,0,0,)
st[14]=0
ft[14]=0
b[14] =(0,0,0,0,0,0,0,0,0,0,0,0,0,0,0,0,0,0,0,0,0,0,0,0,0,0,0,0,0,0,0,0,0,0,0,0,0,0,0,0,0,0,)
st[15]=0
ft[15]=0
b[15] =(0,0,0,0,0,0,0,0,0,0,0,0,0,0,0,0,0,0,0,0,0,0,0,0,0,0,0,0,0,0,0,0,0,0,0,0,0,0,0,0,0,0,)
st[16]=0
ft[16]=0
b[16] =(0,0,0,0,0,0,0,0,0,0,0,0,0,0,0,0,0,0,0,0,0,0,0,0,0,0,0,0,0,0,0,0,0,0,0,0,0,0,0,0,0,0,)
st[17]=0
ft[17]=0
b[17] =(0,0,0,0,0,0,0,0,0,0,0,0,0,0,0,0,0,0,0,0,0,0,0,0,0,0,0,0,0,0,0,0,0,0,0,0,0,0,0,0,0,0,)
st[18]=0
ft[18]=0
b[18] =(0,0,0,0,0,0,0,0,0,0,0,0,0,0,0,0,0,0,0,0,0,0,0,0,0,0,0,0,0,0,0,0,0,0,0,0,0,0,0,0,0,0,)
st[19]=0
ft[19]=0
b[19] =(0,0,0,0,0,0,0,0,0,0,0,0,0,0,0,0,0,0,0,0,0,0,0,0,0,0,0,0,0,0,0,0,0,0,0,0,0,0,0,0,0,0,)
event= 
valide? 0
**************************************************
inst20_0.txt
 Starting resolution without ER inequalities
Warning: Control callbacks may disable some MIP features.
Sol n°1 obj: 	0
Sol n°1 time: 	0.180288
Sol n°1 gap: 	1e+75
Final status: 	Optimal en 0.183667
Final objective: 0
Final gap: 	0
...
sol vaut : 
st[0]=20
ft[0]=21
b[0] =(0,0,0,0,0,0,0,0,0,0,0,0,0,0,0,0,0,0,0,0,9,0,0,0,0,0,0,0,0,0,0,0,0,0,0,)
st[1]=9
ft[1]=11
b[1] =(0,0,0,0,0,0,0,0,0,4,6,0,0,0,0,0,0,0,0,0,0,0,0,0,0,0,0,0,0,0,0,0,0,0,0,)
st[2]=9
ft[2]=12
b[2] =(0,0,0,0,0,0,0,0,0,4,4,8,0,0,0,0,0,0,0,0,0,0,0,0,0,0,0,0,0,0,0,0,0,0,0,)
st[3]=13
ft[3]=19
b[3] =(0,0,0,0,0,0,0,0,0,0,0,0,0,1,1,1,1,1,1,0,0,0,0,0,0,0,0,0,0,0,0,0,0,0,0,)
st[4]=16
ft[4]=20
b[4] =(0,0,0,0,0,0,0,0,0,0,0,0,0,0,0,0,6,1,2.66667,1,0,0,0,0,0,0,0,0,0,0,0,0,0,0,0,)
st[5]=25
ft[5]=27
b[5] =(0,0,0,0,0,0,0,0,0,0,0,0,0,0,0,0,0,0,0,0,0,0,0,0,0,5.16667,1,0,0,0,0,0,0,0,0,)
st[6]=19
ft[6]=21
b[6] =(0,0,0,0,0,0,0,0,0,0,0,0,0,0,0,0,0,0,0,5,1,0,0,0,0,0,0,0,0,0,0,0,0,0,0,)
st[7]=2
ft[7]=4
b[7] =(0,0,7.875,10,0,0,0,0,0,0,0,0,0,0,0,0,0,0,0,0,0,0,0,0,0,0,0,0,0,0,0,0,0,0,0,)
st[8]=11
ft[8]=13
b[8] =(0,0,0,0,0,0,0,0,0,0,0,2,2.5,0,0,0,0,0,0,0,0,0,0,0,0,0,0,0,0,0,0,0,0,0,0,)
st[9]=15
ft[9]=18
b[9] =(0,0,0,0,0,0,0,0,0,0,0,0,0,0,0,7,3,3,0,0,0,0,0,0,0,0,0,0,0,0,0,0,0,0,0,)
st[10]=17
ft[10]=19
b[10] =(-0,0,0,0,0,0,0,0,0,0,0,0,0,0,0,0,0,5,5.5,0,0,0,0,0,0,0,0,0,0,0,0,0,0,0,0,)
st[11]=6
ft[11]=9
b[11] =(0,0,0,0,0,0,10,8,5.42857,0,0,0,0,0,0,0,0,0,0,0,0,0,0,0,0,0,0,0,0,0,0,0,0,0,0,)
st[12]=7
ft[12]=10
b[12] =(0,0,0,0,0,0,0,2,4.57143,2,0,0,0,0,0,0,0,0,0,0,0,0,0,0,0,0,0,0,0,0,0,0,0,0,0,)
st[13]=4
ft[13]=6
b[13] =(0,0,0,0,6,1,0,0,0,0,0,0,0,0,0,0,0,0,0,0,0,0,0,0,0,0,0,0,0,0,0,0,0,0,0,)
st[14]=21
ft[14]=24
b[14] =(0,0,0,0,0,0,0,0,0,0,0,0,0,0,0,0,0,0,0,0,0,10,4.85714,9,0,0,0,0,0,0,0,0,0,0,0,)
st[15]=13
ft[15]=15
b[15] =(0,0,0,0,0,0,0,0,0,0,0,0,0,9,9,0,0,0,0,0,0,0,0,0,0,0,0,0,0,0,0,0,0,0,0,)
st[16]=23
ft[16]=28
b[16] =(0,0,0,0,0,0,0,0,0,0,0,0,0,0,0,0,0,0,0,0,0,0,0,1,1,1,1,5,0,0,0,0,0,0,0,)
st[17]=28
ft[17]=32
b[17] =(0,0,0,0,0,0,0,0,0,0,0,0,0,0,0,0,0,0,0,0,0,0,0,0,0,0,0,0,2,1,1,1,0,0,0,)
st[18]=33
ft[18]=34
b[18] =(0,0,0,0,0,0,0,0,0,0,0,0,0,0,0,0,0,0,0,0,0,0,0,0,0,0,0,0,0,0,0,0,0,10,0,)
st[19]=24
ft[19]=26
b[19] =(0,0,0,0,0,0,0,0,0,0,0,0,0,0,0,0,0,0,0,0,0,0,0,0,9,3.83333,0,0,0,0,0,0,0,0,0,)
event= 0, 1, 2, 3, 4, 5, 6, 7, 8, 9, 10, 11, 12, 13, 14, 15, 16, 17, 18, 19, 20, 21, 22, 23, 24, 25, 26, 27, 28, 29, 30, 31, 32, 33, 34, 35, 
valide? 1
**************************************************
inst20_2.txt
 Starting resolution without ER inequalities
Warning: Control callbacks may disable some MIP features.
Sol n°1 obj: 	0
Sol n°1 time: 	0.357385
Sol n°1 gap: 	1e+75
Final status: 	Optimal en 0.358223
Final objective: 0
Final gap: 	0
...
sol vaut : 
st[0]=14
ft[0]=16
b[0] =(0,0,0,0,0,0,0,0,0,0,0,0,0,0,1,1,0,0,0,0,0,0,0,0,0,0,0,0,0,0,0,0,)
st[1]=14
ft[1]=25
b[1] =(0,0,0,0,0,0,0,0,0,0,0,0,0,0,4,3,3,3,3,3,3,3,4.4,3,3,0,0,0,0,0,0,0,)
st[2]=25
ft[2]=27
b[2] =(0,0,0,0,0,0,0,0,0,0,0,0,0,0,0,0,0,0,0,0,0,0,0,0,0,2.6,1,0,0,0,0,0,)
st[3]=0
ft[3]=4
b[3] =(3.2,8,3,3,0,0,0,0,0,0,0,0,0,0,0,0,0,0,0,0,0,0,0,0,0,0,0,0,0,0,0,0,)
st[4]=9
ft[4]=11
b[4] =(0,0,0,0,0,0,0,0,0,10,5.55556,0,0,0,0,0,0,0,0,0,0,0,0,0,0,0,0,0,0,0,0,0,)
st[5]=22
ft[5]=25
b[5] =(0,0,0,0,0,0,0,0,0,0,0,0,0,0,0,0,0,0,0,0,0,0,5.6,6,4.15,0,0,0,0,0,0,0,)
st[6]=16
ft[6]=22
b[6] =(0,0,0,0,0,0,0,0,0,0,0,0,0,0,0,0,3,3,3,3,3,3,0,0,0,0,0,0,0,0,0,0,)
st[7]=23
ft[7]=26
b[7] =(0,0,0,0,0,0,0,0,0,0,0,0,0,0,0,0,0,0,0,0,0,0,0,1,2.85,3.9,0,0,0,0,0,0,)
st[8]=28
ft[8]=31
b[8] =(0,0,0,0,0,0,0,0,0,0,0,0,0,0,0,0,0,0,0,0,0,0,0,0,0,0,0,0,4,9,9,0,)
st[9]=26
ft[9]=29
b[9] =(0,0,0,0,0,0,0,0,0,0,0,0,0,0,0,0,0,0,0,0,0,0,0,0,0,0,4,9,6,0,0,0,)
st[10]=0
ft[10]=2
b[10] =(2,2,0,0,0,0,0,0,0,0,0,0,0,0,0,0,0,0,0,0,0,0,0,0,0,0,0,0,0,0,0,0,)
st[11]=13
ft[11]=15
b[11] =(0,0,0,0,0,0,0,0,0,0,0,0,0,4.71429,1,0,0,0,0,0,0,0,0,0,0,0,0,0,0,0,0,0,)
st[12]=6
ft[12]=9
b[12] =(0,0,0,0,0,0,6,9,6.5,0,0,0,0,0,0,0,0,0,0,0,0,0,0,0,0,0,0,0,0,0,0,0,)
st[13]=2
ft[13]=4
b[13] =(0,0,3,5.7,0,0,0,0,0,0,0,0,0,0,0,0,0,0,0,0,0,0,0,0,0,0,0,0,0,0,0,0,)
st[14]=27
ft[14]=28
b[14] =(0,0,0,0,0,0,0,0,0,0,0,0,0,0,0,0,0,0,0,0,0,0,0,0,0,0,0,1,0,0,0,0,)
st[15]=13
ft[15]=14
b[15] =(0,0,0,0,0,0,0,0,0,0,0,0,0,1,0,0,0,0,0,0,0,0,0,0,0,0,0,0,0,0,0,0,)
st[16]=5
ft[16]=9
b[16] =(0,0,0,0,0,2.33333,1,1,3.5,0,0,0,0,0,0,0,0,0,0,0,0,0,0,0,0,0,0,0,0,0,0,0,)
st[17]=10
ft[17]=22
b[17] =(0,0,0,0,0,0,0,0,0,0,4.44444,9,9,4.28571,4,6,4,4,4,4,4,4,0,0,0,0,0,0,0,0,0,0,)
st[18]=25
ft[18]=27
b[18] =(0,0,0,0,0,0,0,0,0,0,0,0,0,0,0,0,0,0,0,0,0,0,0,0,0,3.5,5,0,0,0,0,0,)
st[19]=4
ft[19]=7
b[19] =(0,0,0,0,10,7.66667,3,0,0,0,0,0,0,0,0,0,0,0,0,0,0,0,0,0,0,0,0,0,0,0,0,0,)
event= 0, 1, 2, 3, 4, 5, 6, 7, 8, 9, 10, 11, 12, 13, 14, 15, 16, 17, 18, 19, 20, 21, 22, 23, 24, 25, 26, 27, 28, 29, 30, 31, 32, 
valide? 1
**************************************************
inst20_4.txt
 Starting resolution without ER inequalities
Warning: Control callbacks may disable some MIP features.
Sol n°1 obj: 	0
Sol n°1 time: 	0.300017
Sol n°1 gap: 	1e+75
Final status: 	Optimal en 0.300877
Final objective: 0
Final gap: 	0
...
sol vaut : 
st[0]=26
ft[0]=27
b[0] =(0,0,0,0,0,0,0,0,0,0,0,0,0,0,0,0,0,0,0,0,0,0,0,0,0,0,4,0,0,0,0,0,0,)
st[1]=13
ft[1]=16
b[1] =(0,0,0,0,0,0,0,0,0,0,0,0,0,10,8,4,0,0,0,0,0,0,0,0,0,0,0,0,0,0,0,0,0,)
st[2]=18
ft[2]=19
b[2] =(0,0,0,0,0,0,0,0,0,0,0,0,0,0,0,0,0,0,4,0,0,0,0,0,0,0,0,0,0,0,0,0,0,)
st[3]=16
ft[3]=18
b[3] =(0,0,0,0,0,0,0,0,0,0,0,0,0,0,0,0,2,2,0,0,0,0,0,0,0,0,0,0,0,0,0,0,0,)
st[4]=15
ft[4]=16
b[4] =(0,0,0,0,0,0,0,0,0,0,0,0,0,0,0,1,0,0,0,0,0,0,0,0,0,0,0,0,0,0,0,0,0,)
st[5]=20
ft[5]=23
b[5] =(0,0,0,0,0,0,0,0,0,0,0,0,0,0,0,0,0,0,0,0,6,4,5.75,0,0,0,0,0,0,0,0,0,0,)
st[6]=18
ft[6]=20
b[6] =(0,0,0,0,0,0,0,0,0,0,0,0,0,0,0,0,0,0,1,2.25,0,0,0,0,0,0,0,0,0,0,0,0,0,)
st[7]=23
ft[7]=26
b[7] =(0,0,0,0,0,0,0,0,0,0,0,0,0,0,0,0,0,0,0,0,0,0,0,3.75,8,10,0,0,0,0,0,0,0,)
st[8]=9
ft[8]=12
b[8] =(0,0,0,0,0,0,0,0,0,10,1,1,0,0,0,0,0,0,0,0,0,0,0,0,0,0,0,0,0,0,0,0,0,)
st[9]=10
ft[9]=12
b[9] =(0,0,0,0,0,0,0,0,0,0,4,1,0,0,0,0,0,0,0,0,0,0,0,0,0,0,0,0,0,0,0,0,0,)
st[10]=31
ft[10]=32
b[10] =(0,0,0,0,0,0,0,0,0,0,0,0,0,0,0,0,0,0,0,0,0,0,0,0,0,0,0,0,0,0,0,10,0,)
st[11]=10
ft[11]=13
b[11] =(0,0,0,0,0,0,0,0,0,0,5,5,8.42857,0,0,0,0,0,0,0,0,0,0,0,0,0,0,0,0,0,0,0,0,)
st[12]=26
ft[12]=27
b[12] =(0,0,0,0,0,0,0,0,0,0,0,0,0,0,0,0,0,0,0,0,0,0,0,0,0,0,1,0,0,0,0,0,0,)
st[13]=21
ft[13]=22
b[13] =(0,0,0,0,0,0,0,0,0,0,0,0,0,0,0,0,0,0,0,0,0,2,0,0,0,0,0,0,0,0,0,0,0,)
st[14]=16
ft[14]=20
b[14] =(0,0,0,0,0,0,0,0,0,0,0,0,0,0,0,0,4,4,3,3.28571,0,0,0,0,0,0,0,0,0,0,0,0,0,)
st[15]=19
ft[15]=24
b[15] =(0,0,0,0,0,0,0,0,0,0,0,0,0,0,0,0,0,0,0,2,2,2,2.25,3.71429,0,0,0,0,0,0,0,0,0,)
st[16]=11
ft[16]=12
b[16] =(0,0,0,0,0,0,0,0,0,0,0,3,0,0,0,0,0,0,0,0,0,0,0,0,0,0,0,0,0,0,0,0,0,)
st[17]=15
ft[17]=18
b[17] =(0,0,0,0,0,0,0,0,0,0,0,0,0,0,0,5,4,4,0,0,0,0,0,0,0,0,0,0,0,0,0,0,0,)
st[18]=2
ft[18]=4
b[18] =(0,0,8.5,9,0,0,0,0,0,0,0,0,0,0,0,0,0,0,0,0,0,0,0,0,0,0,0,0,0,0,0,0,0,)
st[19]=18
ft[19]=25
b[19] =(0,0,0,0,0,0,0,0,0,0,0,0,0,0,0,0,0,0,2,2.46429,2,2,2,2.53571,2,0,0,0,0,0,0,0,0,)
event= 0, 1, 2, 3, 4, 5, 6, 7, 8, 9, 10, 11, 12, 13, 14, 15, 16, 17, 18, 19, 20, 21, 22, 23, 24, 25, 26, 27, 28, 29, 30, 31, 32, 33, 
valide? 1
**************************************************
inst20_7.txt
 Starting resolution without ER inequalities
Warning: Control callbacks may disable some MIP features.
Sol n°1 obj: 	0
Sol n°1 time: 	0.197193
Sol n°1 gap: 	1e+75
Final status: 	Optimal en 0.197825
Final objective: 0
Final gap: 	0
...
sol vaut : 
st[0]=4
ft[0]=6
b[0] =(0,0,0,0,7,7,0,0,0,0,0,0,0,0,0,0,0,0,0,0,0,0,0,0,0,0,0,0,0,0,0,0,0,0,0,0,0,0,0,0,)
st[1]=17
ft[1]=24
b[1] =(0,0,0,0,0,0,0,0,0,0,0,0,0,0,0,0,0,2,2,4.44444,2,2,2,9,0,0,0,0,0,0,0,0,0,0,0,0,0,0,0,0,)
st[2]=13
ft[2]=14
b[2] =(0,0,0,0,0,0,0,0,0,0,0,0,0,4,0,0,0,0,0,0,0,0,0,0,0,0,0,0,0,0,0,0,0,0,0,0,0,0,0,0,)
st[3]=37
ft[3]=39
b[3] =(0,0,0,0,0,0,0,0,0,0,0,0,0,0,0,0,0,0,0,0,0,0,0,0,0,0,0,0,0,0,0,0,0,0,0,0,0,10,10,0,)
st[4]=18
ft[4]=20
b[4] =(0,0,0,0,0,0,0,0,0,0,0,0,0,0,0,0,0,0,8,5.55556,0,0,0,0,0,0,0,0,0,0,0,0,0,0,0,0,0,0,0,0,)
st[5]=7
ft[5]=9
b[5] =(0,0,0,0,0,0,0,2.875,2,0,0,0,0,0,0,0,0,0,0,0,0,0,0,0,0,0,0,0,0,0,0,0,0,0,0,0,0,0,0,0,)
st[6]=1
ft[6]=4
b[6] =(0,9.5,2,2,0,0,0,0,0,0,0,0,0,0,0,0,0,0,0,0,0,0,0,0,0,0,0,0,0,0,0,0,0,0,0,0,0,0,0,0,)
st[7]=10
ft[7]=11
b[7] =(0,0,0,0,0,0,0,0,0,0,1,0,0,0,0,0,0,0,0,0,0,0,0,0,0,0,0,0,0,0,0,0,0,0,0,0,0,0,0,0,)
st[8]=6
ft[8]=9
b[8] =(-0,0,0,0,0,0,6,6.125,8,0,0,0,0,0,0,0,0,0,0,0,0,0,0,0,0,0,0,0,0,0,0,0,0,0,0,0,0,0,0,0,)
st[9]=6
ft[9]=8
b[9] =(0,0,0,0,0,0,1,1,0,0,0,0,0,0,0,0,0,0,0,0,0,0,0,0,0,0,0,0,0,0,0,0,0,0,0,0,0,0,0,0,)
st[10]=28
ft[10]=30
b[10] =(0,0,0,0,0,0,0,0,0,0,0,0,0,0,0,0,0,0,0,0,0,0,0,0,0,0,0,0,10,2.5,0,0,0,0,0,0,0,0,0,0,)
st[11]=24
ft[11]=26
b[11] =(0,0,0,0,0,0,0,0,0,0,0,0,0,0,0,0,0,0,0,0,0,0,0,0,8.71429,10,0,0,0,0,0,0,0,0,0,0,0,0,0,0,)
st[12]=16
ft[12]=17
b[12] =(0,0,0,0,0,0,0,0,0,0,0,0,0,0,0,0,5,0,0,0,0,0,0,0,0,0,0,0,0,0,0,0,0,0,0,0,0,0,0,0,)
st[13]=16
ft[13]=17
b[13] =(0,0,0,0,0,0,0,0,0,0,0,0,0,0,0,0,5,0,0,0,0,0,0,0,0,0,0,0,0,0,0,0,0,0,0,0,0,0,0,0,)
st[14]=9
ft[14]=12
b[14] =(0,0,0,0,0,0,0,0,0,7,7,9,0,0,0,0,0,0,0,0,0,0,0,0,0,0,0,0,0,0,0,0,0,0,0,0,0,0,0,0,)
st[15]=12
ft[15]=13
b[15] =(0,0,0,0,0,0,0,0,0,0,0,0,10,0,0,0,0,0,0,0,0,0,0,0,0,0,0,0,0,0,0,0,0,0,0,0,0,0,0,0,)
st[16]=20
ft[16]=23
b[16] =(0,0,0,0,0,0,0,0,0,0,0,0,0,0,0,0,0,0,0,0,8,5,8,0,0,0,0,0,0,0,0,0,0,0,0,0,0,0,0,0,)
st[17]=17
ft[17]=18
b[17] =(0,0,0,0,0,0,0,0,0,0,0,0,0,0,0,0,0,8,0,0,0,0,0,0,0,0,0,0,0,0,0,0,0,0,0,0,0,0,0,0,)
st[18]=2
ft[18]=4
b[18] =(0,0,8,6.5,0,0,0,0,0,0,0,0,0,0,0,0,0,0,0,0,0,0,0,0,0,0,0,0,0,0,0,0,0,0,0,0,0,0,0,0,)
st[19]=4
ft[19]=7
b[19] =(0,0,0,0,3,3,3,0,0,0,0,0,0,0,0,0,0,0,0,0,0,0,0,0,0,0,0,0,0,0,0,0,0,0,0,0,0,0,0,0,)
event= 0, 1, 2, 3, 4, 5, 6, 7, 8, 9, 10, 11, 12, 13, 14, 15, 16, 17, 18, 19, 20, 21, 22, 23, 24, 25, 26, 27, 28, 29, 30, 31, 32, 33, 34, 35, 36, 37, 38, 39, 40, 
valide? 1
**************************************************
